mbr+ brp
7249 5
3895 7
5660 6
8374 5
4510 4
6849 2
870 9
1114 8
4401 7
4093 1
8353 5
8331 3
710 6
7583 7
1910 6
6622 2
237 2
9078 8
341 4
7946 4
2593 4
643 7
8593 7
7164 2
770 6
9360 2
6434 6
5553 9
1979 2
9418 6
5519 9
9712 5
1486 6
2629 4
9942 9
9691 7
7997 5
242 5
5926 1
8760 7
6676 1
661 1
7842 4
3185 2
4886 4
8521 5
8075 3
5200 1
9300 8
4991 2
2883 5
1383 4
3129 1
1591 7
8528 7
4330 6
3100 7
188 3
5508 6
2087 6
8228 5
6463 6
3844 5
9999 2
2804 8
7515 7
3588 7
4668 6
6040 2
1983 6
6132 1
5510 7
1958 3
6841 1
5869 9
5079 3
7531 7
7598 8
6360 7
842 2
8095 3
1048 1
3538 2
689 6
5043 3
5743 9
2383 2
5403 5
7226 3
5555 2
5028 6
9545 4
8710 1
8247 6
7237 7
6812 8
9792 4
1272 1
9993 3
9122 7
9483 9
8677 3
782 5
8888 8
878 8
2177 8
600 3
7734 8
6735 4
5566 7
5461 5
5095 2
4078 8
6227 5
2079 7
5832 1
7192 3
8804 8
1405 9
6064 3
5711 5
9355 3
9609 2
5156 8
1531 7
9537 3
2359 4
7400 8
9156 9
5882 7
4823 5
8292 1
8896 1
4792 5
9772 4
9532 2
8025 7
8140 6
4497 9
3860 4
3927 5
825 4
3524 8
3614 7
9120 7
5264 2
5458 1
9278 7
9858 4
3167 5
1728 7
6544 2
165 7
8846 6
7658 9
3965 5
6454 7
5911 4
1351 9
3268 6
8962 2
474 7
8676 9
1401 7
7617 1
419 4
6696 9
1708 5
235 7
2891 5
7316 1
3901 2
3214 6
636 7
9024 2
1094 7
19 4
178 3
8033 4
9577 9
3867 5
7241 6
6907 9
7693 4
4612 9
3437 6
4029 9
5293 5
8046 2
2545 3
7436 6
7036 1
7684 1
3555 8
7345 2
6691 2
6100 3
4816 2
8098 9
135 3
2310 6
7439 8
2371 5
6431 9
2772 3
1935 2
731 9
4936 8
9005 6
2845 6
7847 8
9862 8
8168 6
1933 1
2668 7
4771 2
2797 1
3735 2
5973 9
1826 8
9975 2
522 1
9550 9
8049 2
6407 5
2824 9
1372 2
9518 1
2738 3
599 5
4208 9
2468 5
855 1
1909 2
3708 9
9912 6
6238 7
6565 3
9929 7
5840 6
245 8
3761 8
8894 6
1610 5
3683 3
6319 5
8067 6
2123 8
7405 5
7371 2
700 6
1400 8
2903 5
3867 6
1428 6
2570 5
5983 2
9722 9
1472 5
8125 7
3777 9
9825 3
610 1
2981 8
2213 7
3908 4
2570 7
2537 5
4222 7
5387 5
4575 8
7744 5
4473 4
1380 3
4774 1
5260 6
1831 5
5826 9
6788 7
5123 5
2914 7
6117 8
9302 6
5473 4
9035 3
2679 4
150 8
3303 7
2406 1
9735 3
8097 2
1715 5
3222 5
9784 4
7180 5
7014 7
9620 4
7516 7
807 9
8144 6
8642 1
4132 3
8206 3
4585 8
3255 9
2277 7
8403 4
5395 6
4691 9
9649 7
5971 6
3727 7
1980 2
6615 6
4374 5
6639 8
9413 7
9974 4
9317 3
1459 3
7274 5
9436 3
816 4
1992 6
9928 2
6101 4
443 9
7619 1
3108 1
5036 7
6450 4
5550 8
9540 1
9108 2
837 5
857 5
5301 4
8874 7
4956 9
5456 1
4035 8
1208 1
5525 6
4512 6
1384 7
2790 1
68 2
9656 9
6743 2
8689 7
3023 1
3891 3
7896 3
231 3
2951 5
2383 2
5281 1
5044 5
8125 8
2648 1
3999 6
4859 5
2355 5
6848 6
333 4
4453 5
1908 7
1503 6
2351 5
4298 9
9329 6
8348 5
9767 9
5043 2
5707 9
7729 8
2153 3
8389 4
2294 9
286 2
4967 6
1085 8
1676 6
9522 3
7825 9
4382 3
1223 2
8545 4
4951 8
1188 6
1275 6
40 1
5472 1
7313 2
4968 3
2381 5
2801 1
5940 5
3963 3
5725 1
9888 2
899 3
8948 2
2365 6
246 2
381 4
1532 7
6660 2
9329 5
4972 5
3072 6
337 4
5737 4
5176 8
491 2
1139 9
4156 5
3841 3
6527 8
5997 7
4495 4
3812 1
4993 3
2490 5
1896 3
1501 3
6815 5
7070 5
7330 4
3206 8
4836 1
5138 8
9579 9
1787 3
2764 2
2719 6
6343 5
3167 8
8360 5
2852 3
8732 7
4334 7
4351 9
3534 6
9476 5
8612 5
6030 2
7383 3
4869 3
2486 6
7987 6
4278 1
569 1
5669 2
1396 6
4228 1
48 2
1691 4
1902 6
897 2
498 2
3508 1
5594 4
6077 9
9425 7
5741 9
2189 3
2056 3
9400 8
4523 2
9630 7
7689 2
4666 6
7142 4
8219 2
8018 4
5290 4
2309 5
451 4
4649 3
160 5
5294 6
41 6
3110 2
4800 3
5981 5
7839 3
2780 6
4362 3
7156 7
1573 3
530 4
6838 3
7919 4
5706 5
3849 1
1929 1
4502 3
5081 1
6012 7
4923 3
5393 7
836 1
6891 5
7001 8
9644 8
2768 1
3179 6
538 2
3032 9
750 2
4569 1
1417 2
6503 3
4929 6
9718 9
9399 3
7606 6
8987 2
9357 6
8365 2
6658 6
2322 3
7631 1
9380 7
9863 5
4797 1
1476 8
40 3
7922 8
5801 1
3823 4
7893 5
8593 5
5875 8
539 7
5454 1
2886 2
1808 5
7423 1
1345 4
2554 8
8710 5
5710 7
7598 2
3396 2
6600 7
9396 6
7071 9
1600 1
8506 6
7119 3
5521 8
733 5
6316 3
154 1
9212 3
7117 3
7042 5
1139 2
5507 8
5734 3
8232 7
2787 5
6528 5
238 9
3616 8
5166 4
5431 4
594 1
1338 6
4059 4
3056 8
3410 1
333 2
9997 4
2222 6
4484 8
6002 7
1395 4
1486 8
6355 3
5486 2
5860 6
3768 3
4363 7
9083 2
7590 7
7614 2
9147 6
3872 8
1239 4
481 2
5506 4
8973 1
9633 4
6085 2
5011 6
6138 8
106 2
8992 3
6482 8
7631 7
6058 8
7144 7
9532 6
7266 7
8889 2
7904 6
7535 3
8927 9
3136 6
7507 3
4005 2
1608 1
7277 5
2642 6
1052 5
5267 8
3147 7
4873 5
1403 4
4808 2
1367 7
6784 7
7138 1
2896 3
4489 5
4546 6
8490 5
5202 1
4632 3
4059 8
9449 3
8904 5
4580 8
3303 1
4088 7
4798 7
3258 4
9429 4
51 1
6156 5
1977 4
349 3
1586 9
3925 9
9500 2
6890 4
9266 4
3928 5
1008 1
3753 1
1700 5
2271 3
6952 7
8416 8
8509 3
2699 6
4542 1
6188 5
8286 7
6838 3
3746 9
7209 7
8839 3
1260 4
2069 1
6196 6
2129 1
8170 7
8986 4
3718 4
5253 2
9248 4
9262 4
5409 1
4416 2
8889 5
7853 6
1692 4
6731 7
2688 1
9512 4
9047 2
5061 5
5102 3
6428 9
8512 3
731 9
2575 6
5222 4
4204 7
3227 2
1388 5
2839 2
3308 3
2441 1
82 8
5067 3
5108 3
1436 8
1900 4
4345 9
2266 3
2566 3
5554 9
5581 9
874 4
3957 8
7715 1
2264 8
5564 1
2695 8
3153 1
737 9
8160 7
4297 6
3417 8
4457 1
852 9
2256 6
8134 2
5298 5
342 5
5942 5
3193 9
407 9
4420 6
1413 1
7387 6
9658 1
740 2
8493 2
1383 5
7209 3
1116 9
4313 6
997 7
4562 9
7137 9
5411 6
6232 3
2454 3
9438 7
949 4
8145 9
8333 2
38 3
7202 6
3216 2
9905 4
687 2
8730 8
6295 4
9149 5
1777 2
4571 3
6788 9
2418 7
3716 3
8227 9
667 2
9248 8
9813 3
6549 9
4827 9
5452 3
962 3
1725 1
4231 7
5071 9
3737 8
7531 7
9850 8
2452 5
1264 5
8000 3
1330 9
9602 1
667 2
3766 1
1605 7
3207 2
6191 6
1996 4
5001 4
8181 1
2658 5
1196 2
5864 5
2654 1
7299 5
1963 3
3791 6
5531 2
5651 7
9716 6
6687 3
2009 7
6059 8
223 7
4648 2
417 4
106 4
8235 7
9789 1
2111 8
4492 4
41 6
7383 2
1180 3
4001 3
803 6
7629 7
9368 1
1532 9
14 9
3213 9
7300 4
5805 2
1183 9
6105 5
4626 1
3074 6
1938 3
1454 2
7018 8
1991 3
6999 2
9502 9
3567 6
355 5
558 8
855 7
9841 9
5903 2
5861 8
8970 4
1297 8
4832 9
6780 8
6451 3
7118 7
9819 8
9032 1
3898 1
1399 8
7218 6
7478 6
9346 6
9184 6
410 7
397 9
2342 7
5925 8
8412 6
285 4
6368 7
2592 9
5480 4
2788 3
1419 9
7576 5
2640 2
7960 3
9891 1
418 6
5785 1
801 4
8344 4
1633 9
6586 4
3514 1
3946 5
2888 6
8397 3
8725 5
2465 4
2594 8
9029 3
6152 6
5440 4
9221 5
5728 7
1373 4
3278 8
6001 6
9967 3
7615 8
9676 5
4501 2
6710 2
7063 1
3267 7
2591 5
1678 5
5488 3
100 8
3617 7
5319 2
5965 7
7902 9
1985 7
4683 8
5472 9
7240 8
7918 3
4681 2
7131 7
3797 1
7195 3
7613 6
1060 6
1620 9
2118 1
6305 5
666 3
6260 7
322 1
9688 9
6754 5
4210 3
5601 4
4581 5
2882 6
510 6
6405 4
9182 1
5665 1
3684 3
7793 2
367 9
2624 7
6244 5
7658 2
9514 7
2815 2
9038 3
9980 2
5188 9
2762 4
2715 9
9514 7
7909 1
6870 4
1027 9
7999 6
6724 7
6700 6
6706 7
5777 3
2975 2
8597 4
6277 9
612 9
1255 3
7143 2
3376 7
61 8
180 5
4316 6
9104 5
5905 6
4741 6
3690 3
6993 8
9289 2
738 1
6215 7
4630 4
8278 4
4604 7
8244 6
7985 2
9314 8
5535 9
5966 9
894 9
3285 9
8896 9
4169 6
8456 9
698 2
920 7
3154 4
5796 2
6454 6
8196 8
8685 3
9246 7
3808 2
9809 6
1503 2
3393 5
5597 5
7917 7
1557 5
1884 8
5058 8
7177 4
2708 9
5097 8
8789 9
5958 5
5100 3
2866 4
5848 7
5071 7
4157 2
3589 9
4772 9
1155 2
1200 9
2323 7
6599 5
3279 6
6631 3
9085 2
5509 2
6156 8
5499 1
2760 3
8635 2
5074 7
910 7
393 6
3379 8
4515 5
7374 4
588 2
1527 7
9888 2
2121 3
3670 7
5297 8
8289 4
8175 1
5177 9
6127 7
2452 5
7637 7
6442 5
9046 2
71 7
7670 4
6744 7
2496 1
9113 9
9367 8
7839 1
4474 7
4902 2
6561 2
3360 9
806 7
686 2
6947 6
7989 1
7370 6
3893 2
4666 6
3916 2
3344 9
4720 4
8952 3
2809 1
8817 5
6037 6
3602 1
7099 9
4490 5
4796 3
9930 5
9721 4
2523 9
6563 3
9657 5
333 6
7046 3
7689 8
9162 9
8459 2
4701 3
7272 8
9442 2
1567 3
3635 8
6887 8
1793 1
6905 6
5270 8
6533 6
1804 7
6228 7
3536 2
4808 2
7747 3
6203 9
6429 8
2007 9
1313 4
33 7
136 6
8762 5
9886 4
8736 9
3321 4
1861 4
3988 7
9265 7
1856 7
847 9
6087 5
7170 2
9791 2
3912 4
8503 3
8724 8
8478 2
2005 2
4248 1
2862 2
2632 6
9744 2
2389 6
3742 6
9279 3
8411 6
3079 6
978 3
8355 7
8549 9
4222 7
3190 9
9729 5
1263 3
9762 6
9939 4
5125 9
9057 7
1594 1
7210 9
4168 7
8533 2
2611 6
6081 2
769 9
233 5
6313 3
2809 7
1709 2
8832 6
772 9
4910 8
8191 1
1307 1
2058 3
5747 1
9148 7
5670 2
1206 4
7795 4
5268 4
8511 6
6146 2
6744 6
1946 5
6197 9
8666 3
1273 5
4705 3
7724 6
7817 4
7373 7
6287 7
9499 7
8652 3
9532 8
4445 3
7993 9
1308 1
4236 9
3722 2
2452 9
6432 7
6107 3
5325 8
2008 4
3141 9
4392 4
2793 8
9820 2
5876 1
1144 5
9928 8
2875 8
3700 9
5511 4
9010 9
4020 4
5332 8
93 7
9241 7
3739 6
3781 6
6862 3
7250 8
4505 6
9253 6
3079 9
2597 3
2389 9
5284 5
7431 2
9357 7
389 6
4587 1
3696 8
2356 9
4389 1
6065 7
1672 2
9753 2
6659 8
6683 7
5570 3
7840 6
4120 1
4200 4
1389 3
7145 5
8805 4
9793 9
5704 5
9449 8
7567 4
2964 4
7197 6
1085 8
6218 5
7063 4
8905 2
3341 6
5617 9
4489 3
7358 4
5812 6
5826 2
2342 2
4114 8
7978 8
2555 9
6461 3
1599 6
4232 5
8818 8
1589 8
5600 1
2919 9
1491 1
8085 3
7300 2
5476 7
9186 2
4124 5
9992 5
5802 1
2370 7
8863 9
9847 7
9040 2
393 2
323 4
3900 5
9546 3
3040 4
4049 5
797 5
2734 1
7700 3
1716 4
118 2
4879 3
3507 9
3016 8
260 9
4617 8
2181 2
6149 8
9207 1
7901 9
2377 8
6194 6
1593 4
1477 4
8672 7
2915 7
6795 3
3582 7
1338 6
1892 9
1013 7
9887 2
3907 2
5255 3
860 5
8883 6
6379 4
4136 8
8672 3
7096 6
6086 3
6693 7
8587 3
9712 4
463 2
8588 5
3850 8
454 4
8399 4
8910 2
2778 3
3912 2
2230 9
7895 1
4069 8
3625 4
2415 7
8137 7
3603 1
5918 1
88 1
786 5
8154 6
7283 4
6722 2
9118 2
4346 3
4059 6
3814 5
2167 2
8056 2
4850 7
1596 4
2270 5
597 7
7014 7
6209 2
8434 8
1117 6
8893 4
8085 6
7364 7
7279 5
4053 3
8897 7
5577 1
3998 3
8168 4
7912 4
8385 7
5429 2
6067 3
1833 9
4233 7
5326 8
5016 4
7939 9
9282 2
7288 8
4856 2
407 9
8773 2
1464 1
6859 2
1569 3
641 6
8913 6
5554 5
8871 4
9838 6
7475 2
8383 5
4553 7
338 9
4059 5
4736 5
6830 2
775 3
5933 1
6334 5
8398 3
3746 7
4975 8
3407 6
4890 4
8826 4
2407 8
9695 6
7601 8
4108 8
3953 1
6950 6
7953 7
1810 3
799 5
1174 2
5567 7
1370 6
5166 8
4748 3
8495 3
8382 1
4385 6
844 5
2298 4
3740 5
5785 3
578 6
3936 7
6096 4
899 2
8349 1
5148 7
728 1
8394 2
1022 1
3211 4
7015 8
8655 4
7456 5
1455 4
4839 6
7200 6
6733 9
8871 2
7150 3
9902 4
6521 5
548 8
3966 6
452 7
9456 2
2208 6
9821 5
3798 4
7573 9
6695 7
4803 1
9052 6
8908 4
1210 9
5341 5
5055 2
2826 9
1620 5
2479 4
7426 9
8407 3
2180 8
5133 5
1679 5
1484 2
9583 6
5419 1
8952 8
7209 6
7471 1
9024 1
537 7
7513 9
3019 2
8861 3
8635 6
4239 6
4368 1
3703 9
7751 6
2708 6
5889 8
8405 8
9379 3
4336 8
4592 2
9777 7
4822 7
9719 6
6506 4
5577 1
6688 5
3263 4
2430 2
365 4
6034 8
3528 9
9832 1
4043 1
5410 4
3905 6
4368 5
1053 1
2996 9
8873 5
4864 4
9584 3
5113 3
813 1
8733 3
1849 2
2819 8
3902 2
8862 5
4318 7
8714 6
7498 1
413 4
6857 5
3328 3
2271 5
9129 6
6598 7
5834 9
4279 3
679 2
4625 7
6548 6
9382 7
1270 6
1773 8
2742 3
8573 3
977 8
1206 9
7226 3
5348 1
2074 1
2113 7
5828 4
5166 9
4101 4
4445 7
3864 9
395 2
3143 7
2522 2
4663 5
7076 8
3079 7
2294 5
2607 1
2517 1
6396 7
4197 2
2730 2
6280 3
9814 8
5562 1
2509 8
6452 4
5096 4
9278 2
5307 5
1919 8
4466 2
1324 1
2782 5
1699 9
4885 7
1067 2
887 2
4831 3
7727 5
3496 7
1630 3
7363 9
9958 2
9373 1
1010 9
1682 9
1950 7
9480 2
3106 9
4633 7
9493 6
1778 1
1026 3
842 5
6156 8
8935 1
1187 4
1004 9
8810 3
4290 4
545 6
6457 8
6246 7
7665 1
7417 7
1911 1
404 2
9196 2
9879 3
7057 1
7787 9
985 4
4259 2
9938 4
5246 9
6155 7
1833 8
2056 7
5160 8
1375 9
5285 8
9963 6
932 1
2006 7
4580 1
3712 7
152 2
5825 5
4426 9
6092 9
6779 1
5580 4
1634 5
6374 2
7255 3
3151 8
7872 4
4018 8
4007 3
9429 5
6349 2
9293 2
7564 3
2535 1
4780 3
7727 8
2978 5
4029 5
3582 6
3645 5
4294 1
5206 4
4478 5
9916 9
6673 7
3148 2
4931 8
207 5
6124 3
8628 8
1230 4
4370 6
9780 2
2766 2
1676 3
764 9
1907 6
496 3
3081 3
8111 3
8782 3
16 6
8149 4
2217 7
6149 4
7623 4
2660 1
8183 4
5369 1
9896 6
659 2
6185 2
1089 4
4658 3
4414 1
4323 8
2161 3
5426 1
3433 9
6204 1
9760 1
8828 4
1162 2
3849 7
9734 2
284 6
6002 8
9528 1
4631 9
4701 8
3395 7
854 2
8413 5
7602 9
4757 3
5788 6
277 5
9654 9
8799 5
7331 4
5822 9
1328 8
7953 1
3296 9
3355 8
7484 1
801 9
849 5
1302 6
7155 2
9120 8
3203 8
2895 4
9513 6
2967 6
6141 2
2392 7
672 4
5557 9
3413 3
7812 4
4199 9
5809 3
5123 3
3117 9
8613 8
7664 7
8207 5
1471 1
264 3
3009 7
8537 1
3119 6
1588 2
672 7
5827 6
9427 7
8859 3
8400 3
267 9
8607 8
651 7
1165 4
1207 6
7684 9
8908 8
507 7
3416 1
227 6
5523 7
5248 7
8726 7
1198 1
7608 3
4606 2
6380 9
7274 6
2462 4
1535 2
4907 9
6484 3
2308 1
1331 4
8736 6
9100 4
1887 6
8565 6
5779 6
1115 5
4882 1
763 6
3883 9
9511 9
6686 4
2662 7
2996 1
1067 8
6457 5
2186 5
3414 2
2427 4
91 1
8769 7
5728 1
7054 9
6722 5
5583 9
4733 8
5113 2
1325 9
248 7
2828 9
5170 8
4651 6
8088 6
8307 5
4914 1
3562 4
6681 2
7030 8
2268 6
3101 5
2344 4
3084 7
8671 2
7820 2
5993 3
8858 8
2321 3
415 1
6814 2
589 8
2979 7
4373 2
8091 6
9242 3
2567 7
6742 6
1716 6
3382 8
7788 8
3795 9
4591 3
6864 1
9563 6
1477 6
1985 6
9077 8
7880 8
9753 2
1676 2
1715 3
1058 3
8017 9
2364 9
4625 4
1117 7
6379 3
9315 9
831 4
1788 5
244 3
5544 7
4986 6
4217 5
4971 3
1141 4
4242 6
8503 6
2476 2
5284 2
3292 3
7006 2
5517 2
4933 4
2821 7
949 5
4116 7
2072 9
8320 3
9309 7
6722 8
8034 1
8618 7
5253 3
769 4
1455 3
3818 9
6507 3
5622 8
5730 8
6935 6
7665 4
9559 9
5966 3
6049 1
8341 2
8206 9
1157 4
9256 3
8257 6
4335 1
4010 5
8080 1
7334 1
389 8
4893 6
2213 6
5750 3
3981 7
603 5
7358 2
6944 2
1246 8
3986 9
678 2
5410 6
6430 7
9626 2
922 3
6394 5
7194 5
7586 1
112 5
7382 7
1686 4
9860 7
8046 4
8141 2
3156 8
4051 5
1209 9
6073 5
2589 6
4158 5
2951 5
7809 1
8052 8
7161 5
9769 6
6720 9
4389 5
1662 2
3852 8
2578 8
8670 5
7953 6
7531 7
2570 9
4138 7
1424 5
8600 3
80 6
9525 3
4847 7
5991 5
2743 3
4763 8
2282 7
5003 4
7671 6
5280 8
6504 9
5815 7
2515 2
4225 6
6548 1
3823 9
6957 4
6310 1
2169 7
7569 8
7165 6
4109 9
8610 2
5655 5
3904 1
3563 5
2905 8
5739 6
7554 9
6114 3
3472 5
215 5
4455 4
3213 7
1140 3
219 7
9122 9
6541 5
8394 7
5052 1
7861 8
6202 1
839 3
3759 1
235 3
5638 7
2446 3
5766 5
1436 1
8055 1
6144 5
94 5
892 6
7032 8
4855 5
3987 3
1076 7
974 6
9619 4
6205 9
328 8
505 8
8148 1
1223 5
9428 4
1323 3
1712 5
950 7
4472 6
4655 1
758 2
7508 6
8582 8
6033 2
2629 3
7023 5
4307 3
7981 1
3360 9
9234 4
629 3
4462 8
1363 1
1967 1
330 9
5543 7
7775 4
7709 6
3452 2
3999 1
1557 8
7608 7
3153 7
1901 7
8723 3
4873 2
9210 6
4592 4
2968 5
1550 4
3563 1
9299 2
2210 6
1929 9
8101 7
945 3
7455 9
7288 3
9649 6
1988 9
5257 6
7967 2
5308 6
6569 8
4839 2
2991 2
5763 7
7928 9
6571 8
3794 3
8998 4
2988 8
6989 3
871 3
6806 3
5187 2
1023 8
1599 8
6265 7
6466 9
3138 5
7641 6
1238 3
9110 7
7434 5
4751 4
5578 7
9100 7
1951 3
1117 4
2910 6
1350 3
3441 7
5716 1
9050 3
1088 8
3234 4
6704 7
1655 4
6433 3
4836 9
2552 5
7031 8
9976 5
1237 5
4731 3
6292 7
8237 1
7828 8
4602 2
4966 4
8868 1
8870 5
9417 7
7629 5
714 1
2444 8
6617 4
2078 3
7628 4
1650 6
8095 6
1831 4
544 6
5991 7
3654 2
3103 3
7506 6
5368 8
7044 2
2544 1
240 9
4547 1
8376 2
8878 5
9565 9
3955 4
7497 3
2941 7
5073 4
2605 7
4682 7
9317 8
7228 2
5753 9
4031 1
4008 7
1438 7
3766 1
5959 2
1508 9
5882 1
4669 9
3842 5
1648 9
6169 9
4186 8
2343 7
537 1
7056 2
5753 5
5520 2
2679 9
9005 5
9390 1
3546 7
4427 5
9382 3
6521 8
3378 2
7192 5
7073 9
3958 8
3891 7
9337 6
9501 7
7555 9
3956 8
8013 6
1820 3
8636 6
4130 3
2591 9
8891 7
308 1
3737 6
2438 9
9899 6
7474 3
694 8
9326 3
7240 5
6371 1
2549 1
8103 2
2712 4
5499 8
7102 2
5896 2
2372 3
2210 2
789 9
3796 7
6908 8
5223 7
1195 3
9126 3
2192 3
3790 4
9470 6
1082 1
732 5
7290 7
8494 7
1238 1
3681 3
3774 7
1015 8
7164 2
5497 7
1176 8
5469 4
6606 8
7990 2
7616 6
8418 7
3983 2
6572 2
7872 2
1658 7
457 4
2506 5
6443 8
5484 5
209 2
1985 9
662 1
8561 2
8502 8
224 6
4609 9
682 3
6875 1
211 1
816 8
4788 4
6993 8
7120 2
7052 4
7358 6
546 7
6767 1
4207 1
3869 2
9835 5
8051 3
9815 8
8158 5
4657 3
865 7
406 4
864 5
9840 3
7736 2
3314 7
6222 7
4575 6
8973 9
3279 8
341 9
5041 3
4308 9
5238 7
5149 7
6046 1
1982 8
2292 7
7112 9
1568 4
8586 2
1740 1
9357 2
8767 4
8160 4
6728 1
2209 9
8989 5
1505 7
3014 3
1353 7
2900 7
8368 7
9379 6
4242 8
4884 6
2982 4
6163 9
593 5
3406 9
2664 7
6951 3
9930 1
2427 4
3760 6
4876 5
3293 4
1364 3
5933 7
2580 4
7822 9
3467 2
175 2
7042 9
2639 2
42 9
5223 9
5664 7
7938 1
6913 2
9164 3
1191 9
4647 4
4992 3
6853 5
9253 7
6626 4
3078 5
4459 1
3451 5
3136 3
550 4
9701 8
5605 4
2510 2
1518 7
2676 7
7848 7
5552 9
2397 4
4785 9
556 8
6426 5
9074 7
1685 5
8033 9
4187 1
5208 9
157 9
5415 2
4198 8
7607 4
4077 5
5264 2
5607 8
1249 4
1910 9
5907 1
753 8
8225 4
3705 7
5304 3
4114 1
2140 8
6870 7
8877 3
4567 7
1320 1
7219 8
9658 7
640 9
5166 9
5915 4
1684 4
6344 7
1401 5
6109 6
9362 4
8334 1
7161 9
9243 6
2185 2
1188 3
4695 3
5580 1
6341 1
6717 6
6303 4
9828 1
9591 1
1967 9
9063 9
5859 5
9544 1
3843 8
2222 6
7640 1
9677 3
20 5
4622 2
5090 2
5580 1
506 9
6086 4
7111 1
8630 8
390 1
9420 2
9015 8
8048 5
5921 7
6360 1
9282 1
3230 1
6639 2
7143 4
5881 3
2353 8
5555 6
911 9
7837 8
5459 7
9652 6
6298 2
7304 1
2775 9
4742 4
1190 9
9346 1
1231 6
8418 1
2163 2
8012 7
1078 2
4463 3
293 3
9539 9
8743 4
2866 6
4425 4
2219 1
8808 8
6972 6
3914 4
2133 7
4812 8
1365 6
7101 1
6894 4
1754 6
2555 2
3751 9
6606 3
6661 3
3548 6
7607 8
4206 2
8639 5
4405 6
5532 3
2956 1
1321 6
9628 8
1655 1
7808 6
9298 7
8382 8
5341 2
7669 3
5576 7
7544 6
3509 8
6756 5
6757 2
8226 4
2758 5
9107 1
6189 8
47 7
5289 9
3056 5
5584 5
8132 8
689 1
4323 1
6368 5
2530 6
5255 7
6853 9
9884 6
1152 4
5613 6
1241 7
1378 2
5740 9
5790 7
6022 5
4167 6
3144 1
4507 6
2151 3
2150 3
3208 8
1062 2
9248 9
3022 4
7251 6
6375 1
3960 5
2899 3
387 9
204 6
8142 8
3286 5
7726 9
3585 5
8953 1
7320 1
7594 9
5330 9
4738 5
6845 5
9652 7
5481 8
4621 2
4158 2
2940 6
411 2
5806 5
9895 8
1532 8
4074 1
1626 1
6597 5
6585 5
8920 7
1828 8
8693 8
8772 9
1402 1
5381 1
8100 3
3689 6
4231 1
9285 7
5215 9
9160 5
9485 8
7584 4
7609 9
6876 6
5808 1
517 7
453 9
4262 7
4605 5
1158 6
3789 3
4855 5
6232 3
1268 4
3978 5
7143 4
9743 7
7509 4
1050 2
6157 4
6054 5
4123 9
5919 8
2662 5
7123 6
4916 9
7236 4
8220 4
7649 2
8709 9
2419 1
4975 2
8990 6
8323 7
9917 4
5371 4
8002 9
9462 4
5372 5
5711 7
8378 6
8379 7
7545 5
8722 6
807 6
9339 9
4247 3
7944 4
6135 7
632 2
1246 2
9709 5
4102 7
4831 7
8257 5
1578 1
1112 2
4212 7
9659 8
762 9
6371 6
5228 7
2434 4
8554 9
5680 5
9465 9
9110 3
5060 1
3103 5
9544 5
1177 4
3449 6
1295 7
7696 5
3057 5
6761 2
6012 5
7491 6
5469 5
6667 8
298 7
4662 4
7602 5
5129 1
2953 5
8632 2
5115 4
4119 1
9723 4
5137 8
3893 4
5473 1
3225 3
5399 5
2991 9
9679 5
6016 5
3487 4
5288 2
9121 6
3180 9
8699 7
6182 6
2773 3
6946 4
1023 6
6852 9
5938 3
5001 5
476 4
4875 4
3192 6
7318 4
1752 4
2078 9
1071 2
8414 3
6364 3
6411 3
2519 5
4202 3
7223 1
60 4
7991 4
2742 5
9560 6
2909 9
4589 6
1958 3
3839 6
2170 3
302 5
4194 5
1900 1
1722 4
8074 3
721 9
978 1
6974 9
2248 3
3658 2
9777 5
2582 2
1903 7
8926 7
797 4
8257 3
2376 6
8680 4
5405 6
916 2
1503 5
8508 2
5121 6
4865 3
1296 5
1496 9
3421 4
2370 7
1755 5
7045 2
9438 3
3962 3
5889 5
6989 2
9648 6
2990 8
8164 1
4824 6
358 8
6146 9
1508 5
2703 4
9644 8
8720 5
4910 6
6295 8
8218 8
4275 9
8638 1
1246 6
7455 1
7261 6
6221 6
492 6
1035 9
3757 5
8601 8
1978 7
9558 9
7950 6
1072 3
4007 8
7165 2
9327 8
7232 5
522 1
8070 9
1040 9
9492 9
6857 7
8107 6
5586 5
7565 3
5804 7
6631 4
9378 1
2262 6
1914 8
1766 6
9163 8
2391 2
8138 4
3837 6
7540 5
7576 2
1025 8
7393 1
3783 8
2866 6
4561 6
8720 1
8721 2
7649 1
5584 5
2146 5
1000 9
8408 9
8360 6
3534 7
126 6
4404 3
5408 6
9833 7
6059 1
3166 3
5513 6
2985 4
6233 7
1060 6
9523 1
2120 5
6859 9
1218 7
7650 2
7666 1
290 6
6734 5
5171 8
3718 3
1190 6
2841 3
328 1
5772 2
7287 8
2827 8
6420 9
8195 1
9265 6
3115 4
6802 3
5639 7
4459 2
8720 7
289 2
5787 8
3974 5
8499 7
4165 3
8109 4
2147 2
1827 3
9721 9
3120 7
7252 1
8109 8
5894 8
9605 1
6509 6
8885 9
6447 3
8496 6
7838 4
4092 7
5829 6
3390 6
1063 6
4861 8
4917 7
985 8
503 4
3636 6
4881 4
8963 3
1144 3
688 9
3787 1
8245 5
3602 7
8835 1
7332 7
9307 3
1058 9
4569 1
853 8
8517 1
7663 6
9621 7
7674 4
5924 1
4154 7
205 8
7116 4
9951 3
3464 4
6518 7
6609 7
6292 3
9551 7
9863 7
4331 4
2551 9
56 2
2285 3
6673 2
464 6
7464 1
7719 7
3080 8
323 2
2362 4
6170 2
771 8
7855 2
2254 6
4606 9
9617 8
7504 8
6673 9
3337 3
3359 7
3148 8
8706 8
8660 9
4086 3
4589 8
6001 7
4605 7
9267 1
477 1
7830 9
2186 9
769 6
4309 1
9617 7
2928 9
5413 3
3430 2
7737 7
1367 1
8453 9
7657 2
1623 8
1737 5
2057 4
1576 4
1345 2
1899 9
5861 4
5219 5
518 9
6134 1
2801 2
6384 4
8322 6
7790 6
2659 2
5959 1
3110 5
5673 4
6381 9
9128 8
1344 8
8518 6
8771 6
1566 6
4561 8
2293 9
6578 3
506 2
9381 3
802 6
4406 5
5559 9
7073 3
9295 5
2597 8
1653 5
1590 9
7744 6
7453 6
1939 5
5855 4
9490 9
3715 9
2915 4
6142 2
1994 2
9750 9
594 5
8252 1
5905 7
3328 3
6808 3
2248 7
9527 4
454 2
3742 1
2643 8
7196 7
243 5
1967 6
5996 6
2744 3
6434 3
6434 7
8921 3
868 5
7984 4
5519 5
5032 9
6614 3
4388 5
6824 7
472 6
5666 1
2925 8
9410 3
5277 6
2283 9
2977 6
1919 4
7784 9
6059 5
8882 6
9050 7
2955 2
315 8
6403 1
2744 8
2252 6
7471 9
2185 9
4158 3
4643 9
1730 2
3447 6
4224 3
1946 2
8112 8
9729 7
8443 8
8427 8
3805 2
3704 2
6373 3
5445 9
6136 2
6126 4
8006 9
6307 5
7753 3
548 9
9377 2
5899 9
5608 6
6379 9
7808 2
9352 1
4394 9
7863 8
189 2
7286 3
1289 1
1542 5
6470 8
9581 2
4326 6
1879 3
271 5
1044 6
2958 8
8091 6
5424 9
5288 1
2851 7
5421 4
809 4
3744 8
9716 2
605 5
2526 4
2379 7
7673 7
2562 7
9866 6
7158 2
3735 7
580 4
4335 7
9972 2
9214 6
4452 2
8688 6
4893 8
3540 8
102 8
6879 4
2854 2
8417 3
8674 9
6363 3
7848 4
9541 7
3815 1
4933 9
4626 5
4278 4
7172 8
3606 1
701 1
3041 2
6499 2
9891 4
2532 4
5367 1
4379 2
689 1
1525 2
9619 8
9615 4
2367 8
9537 6
7189 2
1032 4
5506 7
9855 1
4374 7
826 7
532 2
2717 4
3963 2
2771 2
7443 1
2996 9
9453 8
4050 9
2078 5
8636 5
6044 3
4373 9
7314 7
1933 5
5073 8
6086 1
973 9
3922 5
3178 9
1203 1
3009 4
4162 3
6835 8
8632 8
820 4
181 5
5111 4
7045 2
2574 3
3721 5
2334 9
3709 9
6542 3
1800 2
848 3
8066 7
9665 9
6840 4
5371 1
8607 3
9270 1
6152 7
1749 4
862 4
6893 3
1781 3
9487 9
4057 5
2722 9
3445 1
6909 7
541 1
364 2
7097 4
1350 7
5200 4
574 6
433 6
673 9
1200 8
3691 1
9836 3
7554 5
9469 5
9925 7
5036 4
5815 4
1986 5
240 5
1495 3
9141 1
5681 4
1112 6
6373 9
276 2
6483 3
195 4
9329 9
533 2
3967 4
5507 4
3217 3
5223 8
2150 1
1599 7
5852 6
5012 2
3518 8
3608 7
8110 1
499 4
1824 6
628 6
5046 2
7188 6
9539 6
825 9
2054 5
587 2
7686 1
4775 7
8562 5
2357 7
7663 2
4723 4
1771 6
3371 9
8141 7
7820 4
3692 8
9276 3
5350 6
5551 2
70 8
5592 4
4646 3
2137 6
4052 8
6238 4
2216 7
1454 9
9916 5
3068 7
6398 6
2888 5
5997 5
396 9
209 4
3950 1
2290 3
9306 6
9970 7
9940 8
5279 5
7258 5
9355 5
5981 7
3000 1
1609 5
7063 7
6568 6
3786 2
7895 7
2062 8
4202 2
3467 6
7858 7
4295 1
1875 9
8378 5
3376 6
7909 6
6517 6
3115 3
4988 9
9830 4
204 8
2302 3
9438 9
7214 6
1580 8
984 3
8890 7
3520 4
1496 9
3265 9
7823 5
1510 3
4906 9
5307 3
3725 6
7363 2
38 1
6533 5
2034 5
4033 2
5525 5
7158 6
3353 9
5823 5
4531 2
4407 4
3873 9
2017 4
8232 9
6710 8
6454 5
9165 2
2006 9
513 2
4960 3
9641 2
7124 2
5185 4
9998 7
337 3
9174 7
2637 2
5708 7
7447 8
8131 9
699 9
5201 1
1199 5
1412 7
6489 3
9058 2
6790 6
9304 5
1276 8
6508 8
5279 7
4010 6
8577 6
6290 3
7758 8
5525 8
2294 1
466 2
3916 6
5148 7
1661 2
736 4
3060 5
1224 1
5175 3
7073 4
4220 3
7967 6
8292 9
6237 7
9981 4
7575 2
808 6
2696 2
8688 8
7082 3
2701 4
9361 6
8144 3
4330 1
9752 3
8718 5
5542 4
5119 3
7997 1
9235 2
253 8
4218 9
2838 1
1148 5
8978 9
8193 2
2549 8
9353 6
4399 7
9716 6
7579 8
1621 1
9792 7
2662 1
3497 3
6392 9
4721 7
7123 9
9610 6
5090 5
9936 3
5890 7
8665 6
3341 2
5216 6
7557 1
5343 4
1710 8
3889 1
7670 8
9001 6
591 8
8515 4
3190 2
4028 4
2335 5
3335 2
9305 5
625 9
5870 7
8339 8
5037 8
8538 9
1226 3
2451 5
9149 6
2688 4
897 7
4341 8
5220 6
9875 8
6580 8
379 1
4651 2
6033 8
5004 2
7349 7
3070 4
4587 9
2921 7
3090 7
8235 9
7394 6
7250 8
9196 2
6156 2
2436 2
1460 3
45 4
9672 9
3229 7
9937 7
520 7
3985 8
8803 5
5776 5
4502 7
3100 7
348 7
3497 6
4304 2
1689 6
5966 7
1975 2
9404 9
6267 6
505 6
314 6
9634 4
4278 9
2289 8
1962 4
5546 4
9805 5
1668 8
9421 7
7623 5
7046 7
3987 9
9287 9
199 7
6618 1
7456 3
2253 5
5216 1
1908 1
6986 2
9194 5
6807 8
5487 6
4969 9
6923 5
6777 3
4400 3
2954 5
6786 5
377 6
2030 3
4721 7
3191 9
2408 6
4117 8
2975 4
4621 9
3711 5
353 9
1378 6
9075 7
6673 3
4892 1
9135 4
1241 7
2496 9
5759 1
1021 1
7542 5
2892 4
45 3
912 6
8490 5
1874 7
6896 5
9960 1
493 9
6136 3
5285 1
4369 5
5924 4
6134 4
7539 9
8723 7
3468 1
4072 9
709 1
6745 9
2180 6
6015 8
4627 9
3669 9
5469 2
3856 2
2728 6
7548 9
7021 2
7407 8
3312 6
5307 9
4069 3
7568 2
2462 8
9124 3
9469 3
9454 4
9964 2
5416 9
6088 9
5805 9
9302 2
8781 2
7616 5
7905 6
1451 8
2910 8
2702 4
5212 1
1928 7
4984 4
17 6
4603 3
9423 5
5213 3
3319 7
4297 6
45 5
7606 4
8164 4
4842 7
7705 9
7155 7
485 6
630 7
9988 1
5663 6
6701 2
6907 9
6507 1
9100 4
6333 1
4603 9
1262 9
5118 5
6594 8
577 4
3128 8
774 6
7290 2
1518 4
7321 1
9679 6
4374 7
6912 4
6629 6
2265 3
2468 9
5580 1
3865 8
2831 6
1265 9
6468 4
3710 6
3642 2
734 1
8878 6
617 2
8656 5
1316 3
6507 5
1320 1
4308 3
3282 5
6800 5
9374 3
4023 9
2863 6
2290 8
6255 9
1720 6
6111 2
9502 9
527 8
5418 7
6190 1
869 2
3572 3
6709 8
9111 8
9227 2
9746 5
44 1
9104 6
9693 3
78 6
4622 6
3648 4
3985 1
3518 5
5279 3
7449 1
9877 1
3773 7
9036 9
600 2
3378 9
5907 2
821 7
4897 4
8213 3
8052 8
4 4
1414 9
3385 3
2342 9
9990 8
2562 1
3808 7
6416 1
3292 3
3580 7
269 2
5089 8
3331 2
5551 9
2837 6
2549 6
8506 5
513 7
4326 9
2528 5
4042 3
4099 9
4044 6
8000 3
882 5
9950 4
9706 4
7600 1
5179 8
8520 8
4124 1
6808 1
3445 1
3910 8
1769 7
3028 7
8096 2
151 2
7731 1
7873 6
8160 7
1100 3
2010 3
9963 3
4397 6
5049 9
3967 8
8815 7
6077 1
8178 2
9539 8
3196 3
5423 8
2360 9
2646 3
1091 3
9935 9
6098 5
8526 2
8510 6
702 1
9260 5
7396 2
4546 3
9187 4
7087 8
471 9
7654 5
919 7
3903 4
3597 6
605 1
7560 8
9598 5
6523 6
6860 8
2486 5
2309 8
713 6
8579 6
5833 3
4514 1
89 1
4394 9
9348 8
9385 4
3109 8
1984 2
7598 9
9762 4
1935 6
4644 4
7706 5
5814 2
9967 2
5599 9
7982 1
5014 3
2710 2
8536 9
4667 5
5118 8
8141 3
3636 9
623 3
8684 6
1110 1
9298 5
8618 9
8914 4
1440 3
9989 9
8501 2
9919 9
7794 7
1035 5
2331 3
7550 1
7709 8
3942 6
9535 4
8511 8
538 3
6685 6
6436 1
9244 7
8389 3
4955 4
3641 8
3910 9
2610 4
6269 8
5099 8
9497 9
1579 4
9952 8
8805 4
4525 2
8959 4
6390 4
3629 5
57 8
2752 6
8703 3
5457 5
3725 7
6446 1
6621 9
2205 6
6495 3
658 9
8523 6
7465 3
2053 3
7795 1
8920 6
4603 5
5254 4
145 2
3998 9
3291 2
6137 7
4390 4
6470 8
9098 4
4870 9
4635 3
7745 4
3333 5
9838 8
5205 2
9166 1
3751 1
9684 2
4188 4
3715 6
7589 9
9391 7
6082 7
1491 3
7125 5
3416 2
5615 8
3338 6
6027 7
8123 4
7314 4
874 4
8583 3
3229 5
1420 4
1744 1
9736 9
2802 1
9737 3
8660 3
2543 9
6659 9
2806 2
9476 8
6041 9
2511 2
9307 3
3011 1
2771 3
4393 9
8252 9
519 3
8798 3
5184 1
8699 2
6816 9
8437 5
7355 2
7854 7
6692 2
1870 1
5971 2
1606 1
9163 2
8099 4
5035 8
2111 9
7421 7
3887 9
1152 4
9402 2
2815 8
9116 3
6092 3
1452 4
5920 8
9721 7
7603 7
9576 6
7971 5
1079 4
8979 3
3528 2
7799 8
2077 2
7578 4
7627 4
6900 8
3808 7
9569 5
7341 4
7075 7
3795 2
748 5
651 3
7685 5
8222 3
9804 6
8340 9
5142 3
7426 4
3802 5
3097 5
9540 1
2487 8
9937 1
8454 8
426 3
791 3
7696 3
8168 4
109 8
5398 8
2478 5
3021 7
4861 4
428 9
8830 4
8606 8
5956 1
2167 1
4920 7
6844 2
8204 1
3621 3
6135 4
1714 7
3414 4
8559 4
581 3
5969 1
3439 9
9348 4
538 5
695 4
1193 4
3245 6
3451 4
726 5
2334 2
399 6
9743 4
1732 5
9038 9
2470 1
7177 6
5705 4
9603 5
1184 8
3802 6
417 6
6205 9
253 9
7689 6
1089 3
7359 8
3149 5
4531 7
9360 9
6481 6
634 9
6377 6
4937 3
2407 4
6674 3
9874 1
6727 2
511 3
8763 4
4367 1
894 6
2258 2
9512 1
4494 9
95 2
7342 8
9294 8
3576 6
9821 3
382 8
9313 2
8413 4
2030 9
5453 8
4989 7
6645 7
5706 8
8196 5
1613 5
3787 2
7929 3
1534 4
2373 6
3808 7
2670 6
9882 2
8021 4
1138 2
9879 5
5086 3
4049 2
7156 6
6322 5
7972 5
8044 2
4234 1
6866 9
4181 8
1151 7
7601 9
7402 3
4817 8
7828 3
2022 1
1683 8
4853 2
7839 1
4255 6
6132 8
3629 5
6687 1
9807 9
7208 6
5024 8
1093 4
826 3
9221 3
2629 7
3478 2
3112 5
8111 8
9703 5
1787 7
9271 2
910 5
5125 4
730 1
1715 8
2933 6
8458 1
7861 1
4237 9
9587 3
6185 4
6255 7
1816 7
7512 9
8627 4
4310 5
2247 2
5255 9
3359 8
5193 7
5594 3
5499 1
8162 7
3773 7
1482 7
979 6
6858 3
150 6
758 5
3049 6
848 3
5683 2
1903 1
3166 3
9256 1
3943 9
3652 4
7164 1
7232 3
6513 1
1284 4
7257 6
8917 8
3830 9
8389 5
4943 3
9833 4
6814 2
7082 9
5492 9
7989 8
4301 1
2261 5
877 2
1235 9
8193 2
1873 2
9932 5
4052 5
1855 2
8748 7
3351 8
7202 7
1571 2
3074 8
5053 9
953 6
7032 9
4747 2
4166 5
9291 5
5627 3
1228 4
1063 8
6450 4
5323 4
1790 1
2309 7
5519 9
6085 1
1586 6
1547 4
2014 3
9997 1
3840 8
278 3
7143 5
2568 9
4767 9
4495 3
5691 7
6528 4
5743 9
5951 8
3087 4
5540 2
7066 5
7129 9
778 8
6629 7
1818 5
7750 2
3961 4
4128 9
9327 2
8947 9
9337 8
2381 9
7391 3
7353 5
3134 9
536 9
2133 1
1929 7
8591 5
4514 7
1356 7
2455 7
5162 1
4731 3
7706 3
510 2
776 2
6680 3
9016 5
1052 8
4927 5
3893 6
3371 5
5624 9
8041 5
727 9
8496 7
5309 2
7199 7
6718 7
7508 8
7015 2
5368 6
3954 9
9721 3
844 2
1955 7
1851 1
4197 6
2447 7
4771 4
4643 3
4351 6
6263 2
9170 7
7744 4
7120 4
7952 4
7736 7
4138 5
5055 9
1839 9
2143 7
3676 2
3909 1
7133 2
4664 6
4156 9
1148 2
4522 5
2532 5
3946 9
5674 5
3604 8
2448 3
4754 9
3909 8
3277 4
3274 4
8279 8
6173 4
2725 6
9953 5
3494 9
7302 2
5651 6
3979 6
8814 5
1566 5
8448 8
457 4
9340 7
4822 4
8772 3
6652 5
6382 6
1472 5
7044 7
7530 5
8880 5
5673 7
2141 6
7590 5
933 4
5855 5
1450 8
1057 1
5641 1
4114 3
5413 9
9441 3
5671 3
8118 7
7275 7
2864 9
5994 8
6806 7
2391 1
2514 5
2941 1
4304 1
715 3
2098 4
4509 2
4390 8
3768 3
5396 8
2152 6
2030 4
7967 7
4470 2
4316 5
4641 9
3316 5
9511 5
8126 2
4910 4
2613 7
1813 2
354 6
6981 1
8382 3
3398 3
2309 5
9178 5
5008 5
8767 1
6996 3
1874 2
1666 6
2994 1
1601 7
4300 2
4263 9
1692 7
3469 2
1396 7
5336 3
9413 8
5381 7
986 2
8470 3
136 9
2713 4
1597 6
2722 9
4964 4
8417 7
389 8
7164 6
3915 4
2606 9
3698 2
6128 6
6891 1
8790 3
724 1
6765 8
8037 6
2539 1
3235 6
5952 9
2901 5
6975 5
8391 4
8250 5
7262 6
4596 8
3237 5
453 8
875 3
5312 9
9386 5
825 3
6065 8
2060 4
4137 5
782 3
4346 6
1670 3
9143 1
3725 9
7509 7
8517 2
2508 3
6343 5
8962 5
4292 4
2407 9
8518 2
1656 1
8110 3
4563 1
9168 4
5247 8
9304 8
3179 6
4128 8
7780 7
7149 4
4472 8
3598 7
7626 8
786 2
9180 7
8279 1
2345 5
418 2
6586 6
1510 5
7417 4
2615 4
5795 3
2116 3
6961 6
3336 7
8805 5
2190 7
7590 4
2789 7
947 5
3938 7
4477 9
262 9
9770 1
2020 5
7593 5
206 8
2101 7
4308 5
5925 8
5797 9
2146 9
5082 4
1758 2
8013 7
9820 8
976 7
7609 1
7679 1
4242 9
9580 3
9629 8
4518 6
9389 9
2073 9
919 9
2301 4
1598 7
5000 4
9413 7
1368 6
9640 7
5431 6
1854 6
7475 9
1932 2
3447 5
2585 6
5922 4
6364 2
9001 8
705 2
756 5
8144 1
2391 4
8992 7
8804 6
5425 7
1146 3
8669 3
6053 5
4685 6
8982 2
9621 9
2252 1
3931 3
7731 1
2446 2
8844 3
151 8
9092 1
5943 4
8494 5
7670 5
9707 7
3414 5
9364 4
2669 7
7403 8
119 5
9161 9
3869 2
4954 4
4750 4
7426 7
2953 1
5663 3
457 3
2487 6
8608 5
7692 3
9830 3
4494 3
1870 3
2888 5
5852 2
5669 6
6875 4
2829 3
5197 1
4447 8
49 3
2636 6
9667 1
8178 1
3568 5
9105 1
7682 1
4220 9
547 1
7777 7
4444 3
8560 6
6365 1
382 8
6169 5
2244 4
4436 7
356 2
1596 2
8464 3
1175 4
4502 6
2169 1
5774 5
6925 7
443 7
493 1
4615 5
1565 4
8272 1
2857 3
1948 2
2335 2
6766 5
6464 1
35 7
2012 2
1258 8
5006 8
199 3
4490 7
668 8
424 4
3534 4
4611 6
5040 7
7852 8
830 1
2740 5
2432 4
9392 8
3677 1
6963 3
5667 9
8457 4
9779 9
8112 8
6621 1
9740 3
1165 9
1630 8
1405 5
8433 6
3007 9
4676 2
2314 4
8783 9
8871 2
1578 4
83 4
9994 1
997 9
7404 8
6162 3
204 8
1024 1
236 6
526 3
5810 3
7503 2
1378 7
1417 8
8902 6
9910 1
3973 1
6830 1
5271 7
7377 8
4005 1
8269 8
9580 9
5523 8
2732 7
5058 9
9648 5
839 1
2173 1
2692 4
3485 6
3373 6
3017 6
9117 9
7252 5
6544 9
7350 3
6418 7
1471 5
2129 4
2013 3
2523 9
5851 2
3874 5
8060 6
8678 5
4017 7
9658 6
3651 7
526 2
9553 1
6344 6
4328 8
5201 1
150 3
1074 2
8652 2
2 7
113 4
9684 2
8935 1
8926 8
4235 4
4748 5
5656 5
4337 5
5789 4
2031 4
5350 2
6228 1
2601 4
76 6
5104 3
8184 2
8155 3
8975 8
4067 9
4514 7
1989 6
7736 3
5544 5
4543 1
9819 5
1641 2
1240 7
9931 5
3503 6
7852 3
4627 7
3294 6
7827 9
9485 7
9216 5
5133 9
1132 2
3409 9
6102 6
3106 6
8837 9
228 5
4238 8
807 2
669 3
2545 1
7874 1
7273 3
8573 4
3686 4
5192 2
1699 6
3904 1
9916 6
9851 9
5686 7
4695 8
4197 2
9106 2
8186 6
6952 8
1245 2
1134 5
8671 1
8086 3
7248 5
9245 1
9829 2
3673 5
9760 4
8191 8
4996 8
5611 1
1730 8
1084 2
8048 3
5698 6
4736 2
3080 4
9602 1
6102 6
3891 7
8699 5
5354 4
2491 1
7737 7
7904 4
35 2
5444 2
1284 9
5898 3
1808 9
5025 4
2621 3
3198 7
6319 8
4790 2
5783 5
2427 5
3400 5
3915 6
9431 4
491 3
7851 9
9296 6
6203 3
439 4
3180 8
992 7
418 7
3874 4
8821 4
1762 7
4757 8
8340 8
7213 9
436 6
3197 8
68 1
5133 9
9493 8
8484 5
3657 9
9382 9
8416 8
1020 4
2983 1
6372 1
8146 1
1722 4
1960 2
5241 1
5460 5
7930 3
5173 1
7234 1
6127 3
235 4
306 2
9554 5
7222 9
3096 1
4480 8
4323 9
3139 3
6557 5
2334 3
5039 6
8690 1
4603 2
1074 9
5077 8
6203 6
8431 4
3121 2
7786 4
6020 1
5783 1
1673 7
2054 3
8170 1
2036 9
8377 8
7824 5
9507 2
6818 8
1593 7
1871 1
3552 4
6289 7
4953 1
1120 4
7799 3
4397 7
9990 6
7551 2
8721 4
8872 4
9640 7
2987 4
3365 9
5160 1
596 4
4737 3
4892 4
8124 8
2940 1
1086 9
4620 8
9357 7
8542 6
6774 6
5254 9
8653 6
560 5
6288 5
4352 1
501 2
5023 9
3982 1
95 8
3615 9
6225 9
239 4
6025 1
7392 4
8068 1
8511 2
3055 6
4780 4
9385 5
6269 3
5370 9
3589 9
8796 7
436 4
9999 6
6513 1
7177 6
6847 9
3347 2
9321 3
3605 3
4201 3
2118 4
7527 9
9342 6
6104 4
7878 6
7422 2
7358 1
2789 3
6933 9
8520 3
6465 4
5879 2
7929 5
5675 1
2671 1
4795 8
5774 5
6788 4
7835 8
4184 7
3100 7
7690 2
2713 9
7374 8
5712 3
1933 2
6314 6
8737 4
7583 2
6647 1
8331 1
1130 8
9059 6
3241 7
1008 6
895 8
5547 3
4417 2
5628 4
2891 8
1628 4
5358 1
4091 6
4479 1
6045 2
2354 2
2339 5
2818 5
5924 4
7921 4
6720 3
3780 7
8692 4
8616 4
6419 7
8896 3
7431 3
4543 3
4351 5
6405 9
7257 2
3227 5
36 5
3309 4
160 9
4943 9
5539 5
5975 9
3963 6
4117 3
6476 8
3353 8
5851 6
7414 9
4531 3
4805 2
7931 2
7834 1
6603 9
6850 6
3201 2
8119 8
7993 2
278 9
7950 8
751 8
8902 6
9103 3
2082 9
5964 2
9935 6
6502 6
7166 2
471 7
6783 7
4800 9
2724 6
2186 2
8412 8
1835 2
4342 8
8240 3
2903 5
613 3
9513 5
7012 4
8914 6
4151 5
2357 4
659 8
3724 7
7022 8
595 2
2831 2
4094 2
9859 2
9617 7
5487 1
7749 9
5425 6
1780 4
9922 2
2676 3
3857 9
1853 2
4999 4
1160 2
774 2
7435 4
4012 6
3514 7
7849 2
7968 2
6178 2
3345 8
6009 8
1865 6
7927 4
232 4
5772 1
121 2
3244 7
9177 5
6701 4
6909 2
3846 6
8816 6
8029 3
1979 2
7771 7
6892 5
6360 9
4561 5
9185 8
9954 8
5646 7
8107 9
9383 1
3752 8
7233 9
2254 2
3804 5
6374 3
6672 8
7680 9
3836 9
2911 4
9885 8
2876 2
6288 7
3778 3
9753 2
3343 7
8050 3
624 6
267 6
9665 8
7824 9
1242 2
9942 3
5457 1
5277 1
5566 6
4691 4
2477 1
7737 5
4282 9
405 5
1489 8
5677 2
9578 8
1332 6
522 1
5454 9
7593 7
393 7
6267 2
6184 3
5595 5
6496 9
9773 7
5905 9
1665 3
8834 8
336 6
1020 3
2511 9
6679 4
6983 2
2190 1
7603 1
4704 2
7438 6
4638 4
497 6
8462 1
6882 3
3962 5
6983 8
9129 1
6276 2
5602 1
8051 4
7470 8
4466 5
8553 5
3903 8
9248 9
6896 3
6524 7
6153 9
770 2
4435 4
5578 4
868 2
4821 6
3717 7
8 4
2853 9
7868 7
1033 8
6867 7
8606 1
4301 7
2948 5
48 1
2512 2
6602 9
2404 6
7782 8
6265 6
385 3
7447 7
5749 7
2643 9
2872 6
4090 3
8530 4
7833 4
7140 4
9027 4
9402 3
37 3
5024 4
5371 9
7423 3
5647 3
3079 3
2600 8
943 3
6393 5
2790 4
7800 9
704 7
5903 2
4607 7
722 4
4038 6
140 1
5976 1
2885 4
2778 5
7258 5
1424 3
5209 2
5383 7
6179 8
6589 1
5163 7
4272 5
3652 5
6060 6
9870 5
3749 5
5054 9
7047 6
4278 8
3969 3
2328 3
17 9
4654 8
3502 5
1764 4
5478 2
7794 7
639 5
6258 6
821 6
4848 6
8079 2
7959 1
7162 5
113 3
7047 9
9583 2
3399 9
8294 5
9162 7
7695 6
7382 5
2498 9
9971 5
9307 2
4895 2
9681 6
1582 7
8772 9
5132 2
9836 5
7704 4
7312 1
3621 8
9851 7
8518 7
5097 1
9608 4
3322 2
96 2
2881 9
43 4
6257 7
5895 3
6719 1
312 4
9210 8
2491 8
6296 4
3651 3
2708 7
1913 5
9383 7
9489 6
844 5
9519 9
7179 7
312 6
1151 4
4038 4
391 1
8141 1
786 3
4380 8
7664 4
2545 7
6825 6
6127 5
1507 4
736 5
2192 9
2185 1
1595 7
8669 6
3208 9
9633 6
7922 2
1289 7
5837 9
3066 5
4254 3
5964 1
2816 1
9341 8
8675 9
814 6
9982 7
7690 7
1025 7
3815 6
11 9
4 8
9558 5
5295 9
1746 2
1075 7
4403 9
7564 7
3006 5
762 1
2047 4
6980 1
9369 1
5741 3
6369 1
5505 3
7086 6
2079 4
5723 3
3982 5
2513 2
4485 7
3891 5
5932 9
2895 7
8507 8
6384 5
7313 9
9008 9
2916 7
1234 5
3781 6
7876 4
6234 1
1525 2
3407 3
9819 5
4577 6
3131 8
5490 9
7631 8
4824 1
3999 4
3720 8
1208 2
317 8
3343 3
475 4
7769 8
391 6
7391 4
5416 6
6057 8
9083 5
3683 7
1929 1
6857 6
4035 8
8822 8
5518 7
7590 3
3098 3
3987 8
8435 2
5825 5
6161 3
7157 6
4874 8
3533 8
9634 1
8427 9
272 4
3462 3
6542 1
2166 1
4097 7
5925 3
8133 2
7390 6
5289 5
9711 6
6333 3
243 8
9759 4
4020 1
3687 4
4107 6
5565 9
5521 6
9590 6
6915 5
182 8
5531 6
1274 2
9062 6
8090 8
8483 5
7579 9
524 6
9544 9
6346 9
1992 7
7095 6
6773 9
7549 6
4760 8
1851 5
6949 5
6424 6
1778 3
1265 5
7053 5
155 3
9077 1
7742 3
9173 9
5235 1
9885 9
1612 9
8997 9
3046 8
5537 3
4126 6
1619 7
7878 2
6977 3
2452 5
5270 1
7265 8
3406 7
9200 2
3440 2
265 1
808 7
388 5
3644 3
6284 5
5462 7
1394 7
1268 2
7055 3
5460 1
9906 2
2126 7
5675 1
1806 6
9317 5
8369 9
6694 9
7480 7
6285 8
5666 2
2358 3
8520 2
1475 7
6700 9
7577 7
1527 8
6952 2
2773 2
6377 1
652 5
4331 7
3085 2
7507 9
5698 3
8628 8
7793 8
9028 6
7665 6
9011 9
4747 4
5689 1
7644 4
1232 8
3589 7
1039 4
1750 9
8240 1
7964 5
5745 7
591 1
458 2
633 3
840 5
2326 4
3417 9
8444 3
9944 5
7245 4
4958 9
8551 3
2946 9
739 8
1302 3
6096 1
1849 8
3888 4
346 1
8635 1
8115 3
8013 3
3237 2
3201 9
7148 7
468 4
3544 1
3477 5
9822 6
5698 3
5136 3
4337 7
4107 7
3169 6
285 5
9141 7
6255 7
7783 5
1069 5
9635 4
2775 2
8247 6
3795 6
5202 8
1929 9
8191 9
1269 9
7727 2
5917 3
3517 5
5386 3
6806 4
9840 9
6735 2
9989 3
7241 7
3480 2
2235 6
7969 7
8271 8
1445 4
8871 5
6030 8
4386 4
7959 2
2134 4
8931 8
6216 2
9417 2
2789 4
3440 9
6419 7
8747 1
3653 5
2774 4
4155 2
9236 3
8607 2
4655 1
7718 2
8765 9
3412 2
7547 8
1338 1
1962 3
6522 1
7903 4
4325 6
7006 4
1425 7
2508 1
9571 4
2898 8
3077 8
8950 1
91 2
6789 4
4716 6
5243 4
2135 5
8164 9
9258 6
229 1
2070 4
6893 5
4058 8
9173 3
90 6
3287 1
1689 1
4698 8
1375 6
4804 1
6417 1
3756 2
3407 2
6916 4
2962 9
106 7
110 1
6738 9
5197 3
6875 7
4734 9
3143 3
7071 2
3583 5
8186 2
9367 9
5157 4
1173 2
500 5
5354 9
5671 5
2358 2
586 6
2784 3
4249 7
4601 5
648 5
1591 5
6085 9
7040 8
640 8
6004 6
3323 4
7744 4
452 4
9924 1
5387 9
5601 4
783 3
7030 1
8410 1
3739 1
5304 5
3142 3
7465 5
3779 2
7994 1
845 1
7202 2
3620 3
5058 1
3461 4
8981 8
1635 8
2587 6
8898 2
9566 1
7303 8
5428 3
2214 2
332 7
6796 4
2703 3
1483 7
510 1
1543 7
6593 7
517 1
9904 2
2855 1
9668 4
3785 6
1687 2
8112 2
4272 4
971 8
9595 3
4952 7
722 9
4953 9
1115 7
1870 7
2067 6
9101 7
9774 3
401 8
1846 2
6903 2
1370 4
2832 8
3402 9
3755 5
71 7
4546 2
3337 7
6487 4
7151 7
5246 4
543 9
9651 7
8187 3
6278 4
4407 9
2369 6
8219 2
1044 8
9236 2
5300 3
1764 6
4454 8
8610 7
4038 4
5165 2
6210 6
7575 2
8803 4
7877 1
7483 4
4724 2
8141 6
6675 6
3977 8
8867 4
2410 1
9006 4
1782 7
7628 7
3080 4
5590 1
6805 4
1357 3
8048 3
4859 7
4982 3
8229 9
7534 2
9594 7
4636 7
1167 9
8207 2
1650 6
1467 2
8068 2
6198 9
6302 5
1044 1
754 7
8297 1
2506 1
8425 3
5510 4
2622 5
4748 9
3388 5
4396 4
7829 3
4285 5
9964 3
2994 9
3375 5
3235 8
1753 6
6687 6
4017 6
4733 5
9641 6
6582 3
1558 2
7456 4
7751 7
1106 9
4138 6
2741 3
8672 4
7101 3
9944 9
2324 9
1417 4
6590 5
7799 7
5875 4
5453 2
1998 1
64 9
4754 6
6035 8
6646 2
8863 9
1679 4
7619 3
5815 4
1768 2
5088 5
3866 9
1592 6
2193 4
3882 1
9824 2
819 3
9192 6
6156 4
5656 9
3273 7
1536 2
8453 4
8367 4
5166 2
7582 4
6548 2
754 4
8221 4
6880 7
4024 2
1368 6
7533 3
7689 3
6687 4
3260 9
2472 8
9786 2
8324 5
7062 2
7110 2
7082 7
2735 1
4077 8
253 5
1742 8
6277 5
416 7
1262 1
9664 6
8834 6
9446 9
6946 7
4730 2
4452 7
5983 8
9997 7
842 4
728 5
9831 2
5557 4
9025 8
1161 9
6234 9
4897 8
8323 3
8161 7
4008 8
7189 3
9956 1
8525 2
3507 9
8683 4
5404 1
1183 9
7283 6
3109 6
1457 2
4509 8
9231 1
5925 1
7131 4
2903 9
3340 4
6155 1
4983 5
3437 9
5686 2
9464 2
400 3
3275 7
8473 3
9823 1
2725 8
7234 7
1292 2
1996 5
8232 5
3113 3
6978 9
5170 5
2590 5
57 5
3865 7
8142 8
7142 2
4910 7
2849 7
9133 6
1114 6
5186 4
3489 4
7369 2
1597 8
9231 4
6810 4
9016 5
8099 9
1396 6
4503 2
7858 9
9570 6
7770 4
799 3
3511 9
9221 4
8813 2
3150 7
7760 6
8411 7
1953 6
5702 4
9807 3
6192 9
8017 3
9405 4
1400 2
1503 4
7591 9
2455 8
4225 6
5990 2
1938 3
8769 8
5945 5
6069 9
941 2
9745 6
9308 6
2495 8
4836 8
9192 3
2306 3
7098 4
8933 5
7322 8
7448 1
5788 4
1022 8
3845 7
3779 9
8413 2
3867 2
850 2
2932 3
2038 7
3085 5
4970 6
3792 7
616 5
6521 7
8078 4
6324 8
5619 2
9766 6
6253 4
3515 2
5672 1
3780 6
511 3
9706 3
4048 5
5883 4
8284 8
3364 1
166 4
4928 5
4526 4
4572 8
3070 6
220 8
4596 5
299 9
2492 4
8999 3
7271 7
7151 9
5069 4
2133 4
3664 5
7186 4
1936 6
8061 9
3124 4
868 4
8584 6
3946 6
7870 1
7452 9
2673 9
2693 2
9179 5
2092 4
4086 4
1330 1
7499 1
7585 6
2440 6
8135 7
4881 6
9367 7
8537 5
9314 9
2469 2
6255 3
4206 9
5762 6
8174 5
1337 6
4004 7
3746 9
6085 3
9980 6
4413 6
7049 4
6725 5
4609 4
7645 8
670 9
6685 5
712 5
7124 9
1374 7
89 5
7261 2
2761 7
7759 5
3540 4
3457 5
7891 6
7812 7
1819 8
9171 8
4728 5
9292 6
8900 1
3837 1
5222 5
1417 2
7834 6
3813 1
1190 2
1934 4
432 3
237 8
6581 7
9852 5
735 5
2777 3
8963 4
9316 4
8372 5
9720 4
4937 7
1916 8
3653 5
840 8
4325 1
8880 8
8989 8
1522 5
5300 1
1268 9
3961 7
9193 8
3973 2
5720 6
9243 1
2171 2
7113 8
2918 8
4782 3
4211 7
3354 2
7752 8
2658 8
177 7
1030 5
7220 9
5548 5
8613 4
5693 6
9546 2
819 6
1763 4
1780 9
4194 6
6012 9
508 6
2279 6
7105 8
6256 1
3871 2
5943 8
3918 8
3004 7
9399 1
8240 4
2433 8
7395 9
2669 6
3125 4
7925 2
5803 4
2138 7
331 5
983 2
8637 4
4020 3
1840 2
975 1
8920 9
5501 4
8430 3
9802 8
4597 4
5275 2
4205 7
5011 2
995 1
2966 5
6491 2
4724 8
636 1
5867 4
5572 4
4431 4
399 4
3182 7
7997 1
8420 8
6549 2
3680 4
8651 4
4657 6
3409 6
5164 1
2228 6
9422 4
2466 8
8672 9
1019 6
3559 1
7461 1
6406 4
9051 8
2468 2
3766 5
8563 6
3150 7
7759 5
7954 2
4701 4
8378 6
8924 9
6902 9
2670 4
8194 4
8172 6
5538 4
1322 1
8634 6
5709 2
6558 1
8684 4
7807 3
5035 6
7184 5
3948 6
9583 5
1132 7
9644 8
4193 4
5146 8
3184 8
2809 4
7482 7
6006 1
6591 9
9776 3
3929 1
188 4
9677 5
4566 2
4693 9
7777 9
3676 7
2995 8
7907 6
5552 9
9811 1
1940 8
8613 1
7433 8
1823 8
7378 8
8908 3
8831 1
4694 3
6702 3
5805 5
9601 5
8969 5
4225 1
7159 1
9662 2
8283 4
9120 4
5566 5
768 4
4179 7
4824 9
75 7
476 5
9815 5
3413 5
4561 2
2046 6
5829 2
3277 6
7782 1
7718 6
2599 2
159 4
4759 2
2326 8
7433 1
4417 6
8279 3
54 3
6839 4
5342 7
2197 6
1638 1
4364 4
2828 9
5300 5
6816 9
1107 8
6727 6
6368 7
8269 9
2438 6
8874 1
2579 9
7159 2
563 2
7112 7
6063 1
1120 9
8191 7
9748 5
4556 4
4704 3
2948 8
4640 1
6434 2
4235 5
1307 1
3807 6
2677 2
7443 8
5327 6
5824 4
565 9
5745 2
9641 9
872 2
2423 2
5884 3
1467 1
6647 4
7638 3
1737 6
3622 6
8590 4
6686 4
7073 3
6280 6
3394 3
851 3
657 9
4790 7
1201 5
4141 1
385 2
3626 4
7234 5
6018 8
3226 4
9860 5
36 6
5196 3
2629 5
5405 1
7591 6
7402 8
9699 6
2780 5
5906 6
1485 8
7277 6
9714 2
6350 3
5910 9
4265 5
3901 2
1518 6
5850 9
8202 5
6158 7
2646 2
8201 7
8251 6
7470 8
1281 1
9283 9
2530 9
3446 8
1063 6
5652 6
130 3
8149 6
2727 6
5235 9
7963 6
5334 1
5501 2
4806 4
1730 6
2550 6
1612 2
4844 6
412 4
2771 6
1111 1
8759 5
5 4
9042 1
9414 1
8521 4
9868 6
4499 1
6885 2
8925 5
6928 8
7863 2
3445 8
4645 4
9511 7
3776 5
5367 8
7338 1
6119 6
8594 5
8989 3
5795 3
5422 2
9934 4
2130 5
5416 3
8913 3
2263 8
9014 9
370 4
3368 8
6071 8
7476 9
206 2
9392 1
822 4
5343 8
6510 9
346 7
4639 9
8220 5
5285 8
7541 1
806 7
4389 9
5321 6
3108 7
4510 3
1601 9
6121 5
1347 7
6130 2
2400 2
1868 8
1126 1
9503 6
4189 9
7327 8
1422 5
4582 2
5306 4
2456 8
3192 2
1407 4
8203 2
9136 8
2184 8
1224 5
4005 2
479 5
9391 6
9966 8
4113 5
1423 2
2634 2
1925 9
6967 4
280 5
1890 2
1666 2
2974 2
9169 4
4540 4
2759 6
6050 4
8551 7
7810 9
2473 3
300 3
5724 6
7294 6
4075 7
2402 6
1490 1
9720 4
5786 5
1925 6
8759 8
8984 7
5771 8
844 1
3883 6
7310 6
4729 2
7480 7
6555 9
759 4
5544 6
2444 2
8756 7
4112 1
2915 8
8595 4
4247 2
559 1
1194 8
9563 2
9409 2
3032 1
9956 3
9076 7
2294 5
6379 1
5856 6
8999 9
6363 4
7966 9
304 9
5145 1
6109 2
9131 3
432 9
9138 6
6487 6
7214 7
5859 1
1445 3
9239 2
2737 4
6131 4
4775 5
7733 8
2596 1
9381 8
2353 1
3444 4
6471 6
7016 3
9776 9
4104 8
1515 8
8103 8
445 3
278 8
9567 5
3296 8
7095 3
2340 7
5260 5
6385 9
3225 5
4174 7
5184 9
3523 4
305 7
7284 4
3912 5
761 4
6758 2
1518 9
2349 6
1383 6
7376 9
282 3
3390 5
9313 6
1045 1
5817 8
6623 2
3818 3
3663 2
5473 8
3361 6
4915 8
6288 9
5678 3
560 4
3701 9
263 5
1940 7
3641 9
5577 5
8414 6
5121 8
5786 3
8248 6
1791 4
7211 2
196 5
5955 6
2533 6
1187 2
379 4
334 8
1883 8
9081 5
3692 8
7342 5
7631 7
3529 6
5090 4
1878 6
2295 9
7500 1
3876 9
6700 3
7155 9
968 9
4498 4
9663 3
9147 8
6772 8
2703 8
1519 4
383 2
9047 6
6252 1
1123 2
5008 6
2214 4
8763 1
5797 9
4913 4
9676 6
4625 8
3172 6
3550 9
4255 9
1435 1
3117 5
6813 8
9086 8
1962 4
7490 2
9653 2
9240 3
5299 1
3072 5
5162 6
9477 9
128 1
5705 5
2980 9
4392 3
5347 1
7061 1
5234 5
5149 5
9467 8
321 6
4091 3
9114 7
6276 7
7044 4
2362 5
6079 6
1323 8
1003 3
3735 5
8472 1
8646 6
4724 5
3416 9
2481 7
4542 4
4793 9
7820 1
5357 3
9342 5
6992 7
9647 7
9799 9
6744 1
6602 9
106 7
3509 8
491 2
2394 6
4780 4
4847 5
5538 9
5272 2
3033 1
2815 9
8327 5
4229 4
6447 4
1279 2
4073 8
5437 6
3316 8
819 5
2861 8
9530 7
5456 3
8429 8
9444 1
1607 8
520 3
8834 9
3597 7
5036 4
3351 5
3543 8
8500 2
7517 6
8220 5
3760 7
3800 3
5952 3
6747 3
1872 4
3586 1
8383 7
5245 6
8608 2
5284 2
804 3
1292 7
8653 2
8131 6
4806 2
9829 9
5556 6
2188 8
194 2
8029 7
1686 9
1499 9
9031 1
1540 7
2196 8
2801 1
7498 2
3891 9
9530 3
9642 4
8679 8
5638 4
6072 1
4236 6
4234 7
2903 4
724 8
9771 8
5699 2
5156 9
3056 7
899 9
4067 1
3141 4
6062 5
1419 9
680 1
2510 1
6666 1
8850 7
951 2
7211 6
8379 9
9300 5
3395 4
5444 4
9419 2
3663 9
3847 4
1016 1
8950 5
8990 5
7990 8
4793 7
3527 2
6952 8
2238 1
6630 5
5181 8
7468 2
3494 4
1723 3
7198 6
9216 9
885 5
6931 8
6115 9
6978 9
8567 7
3489 6
1801 6
4573 6
3275 3
4003 2
3365 1
5460 6
5900 4
7659 2
8083 2
9204 7
3039 5
3862 2
3644 9
2092 9
2641 4
9182 1
6051 6
23 6
4260 4
3984 7
7258 9
8630 4
2124 4
4200 8
1424 3
3285 1
209 6
3090 3
1226 7
2843 1
7791 3
8608 3
4298 1
3899 4
4477 2
7309 1
3385 6
337 4
3170 5
8193 3
9853 8
9083 2
3911 9
3146 2
4378 1
9820 2
9414 2
3584 2
8761 8
9526 2
2318 3
2978 4
5440 5
4767 6
8069 1
2070 9
1945 1
7301 2
3975 1
5422 9
5759 5
3855 9
1642 9
6170 1
6084 6
3166 6
8539 5
7229 6
7613 3
5285 4
4819 8
8816 2
5010 6
399 8
6392 5
4143 1
2231 1
1828 4
2455 2
1175 4
3640 8
4857 3
4183 4
7250 5
2547 1
1774 3
4973 5
3996 7
4863 9
1720 8
8682 4
508 6
8232 1
8057 6
7736 9
7835 6
5467 3
140 1
6440 5
442 8
9299 4
8122 5
8790 9
4644 8
1925 4
4317 6
169 8
6047 8
7312 8
1344 4
932 3
5194 7
7345 8
6235 5
8902 3
2388 6
6771 5
2642 9
1013 7
3281 2
9691 9
1674 9
1343 8
300 8
4851 5
4884 3
2010 1
8580 1
4110 3
2050 4
4321 4
169 6
3904 1
3351 3
8121 1
6646 5
2947 7
9042 8
6712 2
3282 1
8088 8
908 4
1418 3
5251 2
1209 2
4158 1
6983 1
2146 9
7478 5
6777 5
3836 7
4870 8
4779 1
6985 6
6655 7
8648 5
5773 2
3212 8
907 3
1967 9
4467 1
6320 9
7911 6
5519 3
9409 1
2929 3
9860 4
7453 6
617 4
9010 7
1348 2
6655 3
1221 5
5044 9
4613 9
5830 5
3595 7
2948 1
7107 2
1338 4
9306 6
4233 9
6859 6
9198 2
4445 5
9965 9
5337 4
3498 3
8166 1
368 2
2889 1
2927 7
945 3
1290 8
6327 2
9656 3
1493 7
271 4
1288 6
145 9
7791 9
6481 9
6675 2
6682 8
1598 8
7202 1
7807 4
3155 6
3357 4
6836 9
1216 9
5788 1
1660 2
4304 9
4960 1
9383 5
241 3
1070 1
2354 8
7147 3
1432 7
8914 8
7600 6
3463 7
5833 6
191 9
4746 1
1348 5
6017 7
4560 6
4213 2
627 7
1396 3
3968 2
5381 2
9854 6
9319 6
6819 4
4385 5
9725 4
2526 4
8636 9
2691 2
2899 1
7394 9
6591 2
620 5
1269 5
4690 2
1265 3
5531 7
3137 7
9162 2
2184 7
4908 3
3436 5
3331 7
2880 3
4359 2
8524 9
7944 5
4784 6
2623 5
4807 7
6086 8
7226 6
3004 8
9520 9
9982 8
8489 7
1773 1
9336 2
1287 6
13 6
5683 4
4395 5
1933 1
9757 6
91 3
9480 6
5814 1
1845 2
4294 3
5516 2
3881 1
115 3
8025 5
1152 8
986 3
5867 3
5449 3
9375 2
1746 8
380 5
2823 2
8135 9
7002 6
9056 9
8593 6
933 5
1059 2
485 6
5153 8
8708 3
5463 8
783 8
8035 6
2551 8
6567 6
5402 5
5168 7
3588 8
6538 3
9215 3
2840 7
4151 5
8348 2
6517 9
3463 5
5607 6
551 8
3081 6
6358 6
5356 5
5076 3
3800 7
6999 5
3881 7
7261 8
6784 8
7718 4
7369 9
2638 3
7604 2
848 4
2097 2
1814 9
2179 4
5173 7
939 2
3083 5
2582 8
9427 8
922 5
2594 8
310 2
1873 8
5656 3
3125 2
9866 1
6830 3
3272 3
8401 1
7439 8
7930 2
6656 7
8126 7
238 6
4825 3
1399 2
2872 3
383 6
3529 7
8010 9
1106 7
5496 8
7832 4
3458 1
1422 5
7873 9
4711 5
788 4
1631 8
8663 3
9873 1
9223 8
7076 1
7444 1
4722 1
3699 9
2556 1
9529 1
4258 5
5818 2
7986 6
2002 5
7091 3
8630 4
7777 3
5730 6
314 8
5599 1
7677 5
5122 1
7631 1
9048 6
8018 2
3848 3
8565 4
7779 7
6234 1
3921 8
8200 3
4071 8
7635 4
5998 3
9720 5
9721 4
6647 4
5450 1
1713 4
4044 9
8146 7
1232 3
8123 2
4146 2
7630 4
3380 8
8454 7
186 2
8175 2
5962 8
9894 2
9368 2
2194 1
1863 1
743 4
9226 6
644 3
7683 1
4357 5
4490 3
480 4
8804 6
9422 4
1552 1
9035 2
429 6
7282 9
8459 2
4961 8
974 9
152 4
2717 2
7055 9
6658 1
5949 8
8773 2
9929 6
4815 5
1781 4
7874 3
2081 3
2602 6
217 5
6699 5
6155 7
5438 8
4563 7
130 9
5160 7
6070 5
1109 8
1017 1
3933 1
2979 1
5137 2
6851 8
5739 6
8546 8
8752 9
1157 8
8727 3
2392 1
40 1
3012 8
2848 1
730 4
8701 8
1238 2
6611 7
604 8
236 2
3291 6
8072 2
9743 9
980 4
3108 5
1115 5
4975 3
543 7
9335 4
9980 7
6928 3
8550 4
2216 5
2124 1
6767 7
113 7
4566 9
2793 3
7266 4
9236 9
8334 8
3739 7
6765 6
3517 2
9472 7
9761 7
4069 1
3111 7
5393 3
6318 2
1709 6
3881 8
5969 6
7040 9
2436 3
5570 4
7762 1
7522 3
4510 3
1208 6
8956 1
987 4
5634 6
9606 6
3404 4
665 7
764 6
7603 4
7317 1
926 3
6313 9
4578 2
251 2
8125 9
5035 3
6454 4
4146 4
9958 2
8825 2
5031 4
4813 6
7632 9
1482 4
8831 9
324 4
5547 2
9229 8
8317 4
9242 4
4089 3
8950 3
8364 2
6061 5
4906 1
2993 9
1509 7
5445 7
8673 8
8928 1
7739 2
3489 2
7755 6
938 1
4094 1
5003 9
6939 5
7995 3
3705 8
5889 9
2576 4
8985 7
3093 2
2678 1
5789 1
8634 3
1378 1
4191 5
9842 3
3112 1
1924 8
5683 5
1467 5
1943 6
9393 3
8351 8
2340 7
5648 6
6114 5
6775 8
7018 1
7541 4
3000 6
9881 3
5867 3
6468 4
5915 5
4406 7
4092 4
4703 3
8116 9
9452 3
1320 4
5502 7
512 1
2444 6
9788 3
9642 9
4894 1
3279 9
9326 1
4245 9
9708 2
8589 5
2151 9
6750 3
4967 3
5188 5
3953 9
2710 4
7027 6
7811 1
3048 2
302 6
3928 3
2572 5
3375 5
5260 3
9248 9
7722 3
6163 8
7746 9
2233 5
3349 6
7106 9
4241 7
3157 9
1391 2
401 3
4917 9
7324 8
1378 6
4383 2
3930 1
7307 8
8181 5
9016 7
7762 8
5520 9
4259 1
2920 5
7913 5
4260 4
2385 7
5607 1
2280 6
753 4
8656 6
3142 3
5481 5
6514 7
4643 1
9534 5
6177 8
9900 5
6738 1
471 2
3292 7
3571 5
5383 1
8187 8
7754 2
2462 3
4696 4
243 2
3540 4
265 2
3059 4
1920 2
2843 1
7674 8
6328 7
8004 6
5171 3
2557 6
6088 4
3183 5
2663 3
6568 8
5203 8
8909 5
4618 3
9433 5
6825 5
7959 3
2114 5
6443 9
3757 5
2100 8
2498 1
957 5
9970 9
6930 3
9340 9
857 8
5938 6
9436 3
938 1
2701 6
8281 7
7807 4
2088 3
1750 2
3486 3
7590 8
5185 5
8238 2
9787 3
6422 2
6222 4
8671 5
1420 3
2500 6
8656 3
4756 3
2 9
3432 9
9349 4
6158 7
7606 1
5668 9
4432 3
9429 1
8641 8
3870 6
5026 2
8136 4
3009 3
8563 7
2395 4
4664 2
5128 4
896 1
5148 8
7963 4
2916 4
8095 1
7173 5
6374 3
4469 9
8748 1
8908 2
4762 8
2215 6
7420 8
3485 9
8240 1
6679 7
3050 4
9761 5
9742 1
1033 4
2871 9
6178 2
3308 3
3011 1
1696 8
5133 2
9582 2
647 8
6906 8
6059 8
1151 5
6209 2
1830 2
8423 8
197 8
7154 6
5123 9
8368 7
8205 4
6447 3
5982 7
2524 7
1688 4
3796 8
9188 1
7402 5
9256 3
2997 8
6380 1
728 1
7120 3
6049 1
6918 1
8699 8
1408 7
378 7
1501 7
2557 1
2099 6
864 9
611 2
1941 1
3894 1
2862 1
9778 4
9021 1
7945 5
2922 8
322 1
913 6
5357 4
8156 8
6904 2
7611 8
8765 5
5395 7
7294 9
7850 7
4936 6
8323 9
3050 1
960 1
4687 3
6526 4
463 3
1369 9
3311 8
3205 7
3155 4
5068 1
863 9
4612 6
9646 8
1808 4
2789 3
9609 5
8980 2
5816 4
9551 6
2470 2
5477 5
574 7
4348 6
7811 3
240 3
2396 7
9574 4
2786 3
313 1
3926 3
661 4
6464 9
691 7
3194 1
689 8
1190 9
6124 5
1807 6
2525 8
5053 8
7815 3
9281 5
4570 8
657 4
5591 8
4231 3
2697 2
6665 5
645 3
64 5
6734 1
6874 1
6257 4
59 4
2727 2
6678 8
6793 9
6495 9
6783 4
7295 7
4049 7
9645 8
976 3
6124 7
1518 3
3530 8
3894 9
3268 5
384 7
7217 9
3868 8
874 6
5831 3
339 1
3968 4
1344 9
5878 4
5490 7
9915 5
3782 7
4629 7
8449 7
840 7
6098 7
8453 2
8648 2
7861 3
8611 1
1067 7
730 1
1496 2
9839 7
3452 7
2814 4
9364 2
3562 8
1491 3
8117 3
3940 7
9192 9
4624 3
4019 2
8769 6
560 1
8361 9
6758 8
7448 6
3830 8
6775 5
6391 8
6769 5
5976 3
5492 5
7777 2
333 8
7009 2
3630 9
5902 8
2042 8
9917 2
5417 4
1991 2
451 8
9187 3
1653 6
646 4
1094 1
9215 7
7123 3
5361 5
5830 4
7907 2
2834 5
934 8
4429 3
7364 1
8208 5
5525 4
8274 6
3196 5
5137 1
4179 8
7348 5
1714 1
4333 3
8719 5
8467 9
2519 8
4752 2
7331 8
5210 2
1793 6
3909 9
2600 6
623 6
3715 8
5613 2
9077 4
4642 5
4688 2
2340 9
1150 3
1899 4
4071 6
6127 6
2222 2
2880 5
2144 3
1641 8
8186 6
4147 5
9104 3
4575 5
1688 9
7595 1
1093 2
5051 1
3666 4
3555 8
9566 8
2852 4
297 7
6583 1
7358 7
410 7
938 4
4093 1
5020 2
9345 2
5914 3
2690 8
5058 7
1373 1
370 8
491 7
465 5
3761 4
1949 4
3617 3
9293 8
3900 7
6700 3
8151 1
7612 8
1374 3
7703 3
4796 3
3281 4
1711 4
2840 5
5397 3
6536 8
6454 9
7040 8
4581 9
4553 1
2221 7
4816 4
8584 2
9442 6
6612 8
8901 7
8750 7
3726 6
2790 8
7235 9
2547 1
2790 1
433 8
1524 5
2490 8
7034 5
3680 3
4579 4
9961 7
6591 6
4345 8
2757 5
7805 8
2159 6
7505 2
1108 6
1651 5
7294 8
6921 1
240 3
8322 9
4498 2
5855 1
5887 3
9822 4
943 8
1583 9
1499 9
1707 9
225 4
5580 6
7726 6
473 6
553 1
6181 4
7413 2
5799 2
5738 2
1294 9
3467 5
170 6
669 6
6699 3
8770 8
4101 3
1619 1
3334 9
2994 6
6684 2
5826 8
1051 6
3456 1
7806 7
9628 2
395 7
5761 3
2447 2
3984 4
5052 7
1980 3
2124 2
9527 6
1465 5
76 2
9896 1
7552 3
3003 3
2840 9
7195 9
612 2
7736 3
9686 8
35 6
6808 1
6073 2
6720 2
242 8
9360 3
4454 3
7413 8
9908 6
1853 2
7935 1
9445 2
4677 4
6380 2
6992 7
9269 7
2615 6
7851 2
259 7
9461 9
4861 3
4445 1
7728 2
9051 9
9133 7
6351 3
4669 3
8017 5
6886 2
6508 4
3114 8
3674 7
2690 1
8083 5
657 8
8224 7
1583 7
3012 1
8778 9
3497 6
4086 5
7342 1
1646 3
5734 8
7018 1
6862 2
5075 9
3902 2
8729 5
9125 8
8001 1
4796 1
5571 5
1301 1
448 9
1502 1
6923 9
1852 7
6703 7
4087 4
4579 8
7378 8
5874 5
818 2
3210 7
5757 6
9586 2
351 3
3181 9
9904 8
4857 8
5994 9
7595 5
8685 7
1187 4
5157 1
662 7
8328 7
5103 6
5217 8
2782 2
4 5
8978 5
1538 4
444 3
277 1
9670 1
8319 4
199 5
2457 6
1511 3
433 3
8399 4
4907 2
8000 4
9489 1
405 5
5836 1
5394 6
8096 4
5474 4
6292 1
1736 4
1797 9
9231 7
5523 3
8238 9
7462 4
494 1
5600 4
5349 2
4401 8
2706 4
3954 6
2579 7
2606 1
4821 6
5311 7
5590 3
5584 8
6986 5
7872 3
1689 1
6516 7
9294 1
153 2
2731 9
1794 8
1437 5
6667 2
2431 2
81 9
8640 2
5563 7
9067 2
3631 9
6920 7
4505 9
3620 1
8680 7
1683 2
2096 7
7996 3
5020 3
4553 7
6352 2
5405 9
7006 7
5916 7
4980 8
8394 6
9209 9
2458 4
8303 7
9790 2
1287 6
4789 5
6970 8
4781 4
762 2
2854 4
3543 9
6941 1
7048 3
4343 6
7383 4
6068 1
9691 4
8198 4
2502 5
9481 2
7826 1
871 7
1158 3
7852 4
2383 9
6391 8
7433 2
183 5
3009 9
4752 7
2972 3
7766 6
4040 6
7492 9
2855 1
630 1
2072 4
5722 5
8670 1
7021 8
7313 2
2945 4
6183 6
3394 2
8094 9
9684 4
6720 5
1223 5
9704 3
283 9
8757 1
8697 8
3930 4
5504 6
4476 4
5742 4
8127 8
3627 6
7349 5
8652 3
8240 7
4312 1
9191 5
9468 7
135 2
9379 7
5446 4
3017 5
66 6
369 3
2704 2
7944 2
2012 6
9081 1
8860 8
1685 9
6504 5
4467 7
1251 8
9562 9
7440 2
2484 9
8495 3
5687 7
56 3
8707 5
4417 4
1820 8
5600 1
9972 4
9200 9
46 8
2854 6
4422 1
2591 6
9167 5
8979 4
6001 2
5854 4
3945 3
5077 5
8001 3
964 8
4888 4
9831 7
7304 5
9767 2
6841 7
4575 1
1796 8
4198 4
1891 3
7821 6
2966 3
5014 4
1257 6
5439 1
1271 5
3828 4
9366 2
8648 2
8219 3
6567 9
1444 1
6284 7
6129 1
4707 5
8386 7
2272 1
8123 5
7996 5
8217 2
6353 1
4849 1
921 5
8411 2
1276 8
2517 8
1047 7
9759 5
7929 7
7722 2
9392 2
1005 8
3190 8
9284 9
8545 9
3000 5
7368 9
5881 8
7045 3
3757 3
6979 3
1974 6
8380 3
7717 8
4292 3
8687 3
51 4
5076 1
8625 6
1894 1
7943 5
52 9
2220 4
2315 4
2579 5
88 1
5791 2
3531 9
302 5
9070 4
8569 7
9584 6
4132 4
5945 4
926 6
7523 9
6490 1
3589 9
6158 9
3648 6
1892 8
1417 3
7462 5
4742 1
4129 1
6668 1
7805 7
4913 8
1023 6
5908 2
916 7
8164 4
1634 5
8637 8
7611 4
1282 4
5862 6
9305 1
7057 6
3245 1
8296 8
1054 8
3003 8
8562 5
4509 8
3117 6
475 2
4695 9
4168 5
9423 4
8815 4
4576 8
8179 9
6898 8
2058 6
2190 2
1139 4
238 8
5581 2
9065 8
8857 5
8370 4
9751 9
100 6
4775 3
986 5
7082 5
5221 1
6941 2
7271 9
982 8
1922 9
601 9
7231 6
6878 4
1033 8
3556 6
3967 9
9945 1
9706 7
7623 4
2150 3
9760 4
8596 4
7666 7
7898 9
3625 4
2907 3
4342 2
4323 8
3985 4
8282 4
7467 1
3607 3
6586 7
693 9
8864 8
3828 5
3392 1
7074 2
6035 8
4264 1
1680 9
2719 3
4964 9
1075 8
2746 9
1788 6
7290 1
6595 8
3344 6
651 2
1697 2
4561 4
2340 3
7939 1
6305 7
6618 8
3766 1
9794 7
5901 5
6807 3
7033 7
3079 5
3808 1
3341 6
5996 4
9913 6
5069 3
1029 6
8083 9
5450 2
8029 5
474 6
2281 2
6927 8
5008 2
7047 1
2379 7
4649 2
391 2
903 1
7105 9
4963 2
9695 2
2425 4
3358 4
3055 9
2931 8
2672 8
7435 2
8273 7
7037 4
2947 7
2283 2
9406 7
4008 1
6332 4
7749 4
1681 2
149 8
1988 8
7218 8
9502 6
7452 5
880 2
7699 7
2188 3
2233 1
3021 8
7811 8
8763 1
2518 6
3 3
5836 2
1419 5
2523 6
7321 7
8566 3
4239 4
5440 9
5402 3
6278 6
3685 8
6280 4
8720 3
307 6
2837 5
9606 7
6564 3
1548 1
1452 3
1788 6
1619 5
2461 9
9614 2
2413 1
5865 2
936 9
9237 3
9470 4
5704 1
5983 8
736 2
3441 8
7530 4
293 1
626 7
5527 9
7090 5
7835 6
8831 8
1877 3
9513 6
665 2
7086 3
4668 9
7877 9
6762 8
9077 4
2583 1
5068 5
3144 8
85 8
3084 7
18 2
9273 3
123 6
8184 5
534 6
5729 9
9144 1
3079 4
91 8
2212 6
7910 3
9000 1
9737 1
5390 1
1388 3
9897 2
4896 6
9252 8
30 6
5263 1
6619 8
4903 6
6558 8
4795 6
829 4
4418 1
2774 7
5221 5
707 7
196 9
4252 6
9748 9
1981 5
4058 9
6701 7
9603 8
6510 6
7020 8
4210 3
4956 6
7201 2
9474 2
6458 7
2243 6
7170 9
1890 5
1404 3
5906 3
7645 9
7976 7
9448 1
3859 1
6685 6
4321 2
2433 3
6202 6
8015 8
2775 6
5227 7
347 6
6839 5
1319 1
2721 8
9452 3
9300 3
4261 5
6286 1
949 9
6544 6
6137 9
9579 3
4764 4
7256 2
3615 3
2718 2
7960 3
7221 3
6877 9
1488 5
1532 9
1650 3
2371 4
6296 8
7735 2
67 5
5625 6
2023 6
2921 1
4283 1
1647 9
3845 2
5498 4
9383 4
2249 7
6326 1
7794 1
2176 1
3894 6
7753 6
7933 5
190 7
990 1
6631 8
3911 3
4135 9
5936 7
50 1
8058 6
6901 4
8777 5
5131 5
3494 5
4076 4
7608 9
117 3
4007 2
6870 7
5592 8
9706 1
3995 4
242 1
5838 5
2263 7
936 6
8577 1
7918 5
5627 2
8105 8
1191 5
5289 6
7963 9
6117 9
3815 7
6079 6
5078 4
8603 3
4752 3
3754 9
1730 2
6026 1
7601 3
9583 2
6988 4
8058 2
6645 7
990 3
47 6
6915 1
243 8
6419 6
7750 6
6626 4
2853 7
4795 3
4688 1
8173 8
420 2
1559 8
6358 2
104 5
1483 7
759 5
5796 7
6495 7
1824 8
734 6
1531 1
8265 8
8707 3
495 7
2284 9
4283 3
1117 2
925 8
57 3
6868 3
8991 2
628 4
5563 3
4596 1
2472 2
3900 6
846 8
1979 1
8339 7
3361 3
9185 6
5057 2
7831 1
2791 6
1849 8
6640 7
9730 1
3836 5
4768 7
4410 9
5978 5
7249 9
2574 5
3102 2
5461 5
8358 1
1010 5
8317 1
2298 3
5965 7
5329 5
7274 7
2790 1
3991 6
8082 9
9311 8
1056 7
2817 1
4259 7
5277 9
5917 5
317 6
6137 9
4314 9
8591 6
3860 5
8937 1
3869 8
3050 3
309 8
2889 3
7084 2
5081 4
4146 7
3343 4
2417 8
1023 5
5852 4
8105 4
7796 4
4748 1
5318 3
2267 1
4335 2
4030 8
6930 1
731 3
3251 7
3316 9
6072 3
3814 8
3263 9
7933 8
7325 6
7504 4
3143 6
4314 2
5685 5
7639 8
8969 2
9737 7
7078 2
4773 7
9870 3
9546 8
5819 7
1728 4
4711 4
7050 3
6172 8
174 7
3368 5
2993 2
4398 6
9072 1
7866 3
7927 6
565 5
297 8
2384 9
7611 9
9418 3
9497 3
8160 3
3520 6
5928 7
5253 3
9723 2
3793 8
4184 6
2572 2
2129 2
6893 6
7859 8
739 6
9804 3
7751 3
9978 5
5917 1
201 6
6671 2
2544 4
4797 5
1844 1
7207 6
3354 2
7609 5
8471 8
8935 1
4649 3
73 6
6308 2
6680 7
1377 9
6612 7
1195 3
1543 8
9818 4
4483 3
8621 3
2377 4
8260 1
811 4
1903 4
9625 4
7307 8
2145 9
6703 6
5219 9
7528 4
765 4
7777 7
9012 3
4026 7
4063 9
7856 3
3283 1
976 2
5582 5
4537 6
4530 7
2799 1
3367 4
3753 6
6984 3
8804 6
1626 2
8507 8
2818 6
8576 3
5232 6
4012 2
2528 9
6304 1
545 6
7976 2
5723 7
1656 5
6231 8
1123 6
4941 3
5117 8
5219 3
7010 1
9501 8
6080 2
2651 8
4406 4
9042 6
6099 5
6483 1
5098 3
4379 3
5461 1
8794 4
1642 2
3088 6
9920 8
7905 4
7192 1
8202 6
4707 9
654 8
5965 9
4965 2
800 4
6828 9
5644 4
4389 3
2702 3
4750 8
1774 4
8094 9
2316 5
589 4
7367 8
8849 2
3584 8
8787 6
6615 8
4404 3
617 8
451 1
1960 9
6812 1
8422 8
7183 1
8125 6
8620 8
5961 8
465 7
3869 9
464 5
7184 7
742 3
7669 7
3861 8
991 2
7838 5
5940 7
6411 8
89 9
1699 3
8690 4
1237 5
1887 7
7236 4
4 4
2453 8
7604 3
2409 8
3188 3
1767 6
8457 8
1321 2
5351 2
4357 3
7602 3
9910 5
1472 5
8685 5
6127 6
8978 7
5780 2
3725 6
7056 9
8937 3
6859 8
5910 4
976 5
6446 5
1321 6
7555 8
9782 1
5310 7
2381 5
6309 9
4027 5
3309 4
2315 7
8813 8
619 9
6587 5
9712 9
8288 3
9368 4
786 2
5999 4
5157 9
6896 2
9122 4
9120 4
3321 2
1282 2
5248 5
8959 1
8079 4
1691 4
5662 1
9386 1
9779 1
5198 1
6957 4
5304 5
428 6
1259 1
1577 7
3353 5
1708 8
5927 2
344 5
6633 7
2470 6
5524 6
2430 5
3236 7
1310 8
9353 9
7926 2
6249 8
6259 3
7795 2
851 5
2466 6
1256 3
4929 9
8799 1
4627 4
9142 2
6768 5
3720 3
7374 2
2082 1
6259 1
2150 2
8216 9
6644 6
4425 5
6534 8
6253 2
4179 2
5627 1
3562 1
404 8
5954 8
5303 5
3241 6
9210 7
2938 7
7544 1
2407 2
8248 8
9852 5
6254 2
33 2
8317 7
1451 6
2051 2
2768 3
4911 8
8865 7
7053 3
9248 4
9419 3
5563 8
93 6
1582 7
2946 1
6373 9
5447 3
9162 7
5611 2
6219 9
855 4
3838 2
9526 8
6533 6
8898 4
2818 9
2887 5
1960 8
362 2
6554 8
5823 8
919 5
7753 3
2118 1
3695 4
8719 3
7116 6
5860 1
8602 2
1742 7
4648 7
70 6
3930 1
8147 5
6866 1
7228 2
6328 2
7120 5
1070 4
2619 5
9969 2
8283 1
4282 9
4343 1
2544 4
7373 4
161 6
4560 4
1324 7
7723 3
5148 6
1677 5
3293 9
6901 1
2185 6
7591 2
3341 1
1903 5
2902 5
6918 8
56 7
9120 6
1267 6
691 2
2480 7
8148 3
5246 4
6870 7
4704 4
1788 3
3968 4
9670 1
1734 7
7897 3
9508 3
5074 6
8390 6
1186 8
9143 7
6861 6
6257 5
1822 1
9701 3
7772 7
5927 6
2814 6
2220 7
1802 1
9235 7
5861 7
2190 4
2221 9
4994 2
5825 5
3342 6
2857 2
9529 3
5182 2
1324 8
6902 8
9574 3
5446 7
2639 6
4261 2
6031 4
6178 7
3957 9
6939 6
2250 5
4557 4
7333 4
2334 5
8133 9
3830 1
5145 6
8015 8
2133 2
6266 3
6902 7
8899 1
7426 6
2348 2
2789 1
830 4
9555 4
5138 7
3879 3
1316 7
4692 3
2176 1
6883 5
1224 2
9851 6
6323 8
4543 7
7189 4
8311 2
8982 4
7808 6
7803 4
2879 7
1460 4
6979 5
1530 1
7612 4
5742 6
8981 8
2510 5
953 5
407 2
6233 9
732 6
1956 2
127 3
7053 9
2746 4
8611 1
7507 3
7944 6
6388 8
7565 3
4393 9
1997 3
5914 8
6001 6
1358 8
181 5
354 1
8717 9
7075 4
8088 6
8998 8
906 5
3725 9
8155 2
7266 5
6869 3
8015 3
5257 8
4598 9
541 4
1966 9
5661 6
3659 7
2610 6
6649 4
1008 5
6435 2
1625 2
5007 8
4860 9
2479 4
1662 4
973 4
7422 6
1428 5
348 2
6453 3
3507 6
7733 3
4473 1
1080 8
2305 4
3322 2
776 6
4463 8
1718 1
2977 6
884 6
8500 5
8629 4
8681 7
9154 2
1343 2
2078 6
9844 5
9411 7
9186 4
1252 5
4970 8
7856 2
4542 8
8672 7
6891 8
9658 1
8759 5
4383 9
2205 4
3202 8
5389 7
9754 8
783 3
3491 4
1432 5
1043 8
4539 2
2824 7
9827 2
9409 4
5475 3
1802 2
8058 7
835 1
2987 9
9142 9
7360 9
3560 8
2120 8
3283 3
790 2
7187 6
7596 4
4498 2
4045 3
7567 2
6640 5
9568 7
996 6
770 5
480 7
7946 2
4798 2
2687 8
6536 2
9308 9
6489 1
9705 5
7031 4
6473 1
7238 4
770 8
6184 4
7782 8
9480 2
8609 5
872 8
6669 1
6747 5
9891 5
9419 7
5528 4
6687 9
2240 7
4177 4
7359 2
4761 7
460 8
4431 3
2491 3
5224 9
3289 5
5808 8
5269 4
2483 8
4087 1
7411 3
8041 6
5259 4
868 2
2518 1
1494 3
3956 9
2267 4
4422 8
6645 8
2581 1
8656 1
9393 9
612 9
8459 9
1179 6
4118 8
6230 7
3740 3
43 8
816 4
2776 6
2533 5
5203 9
7857 1
1870 2
4823 4
1233 6
6073 1
2436 7
4327 1
7084 2
1901 4
5834 9
9003 6
437 7
4023 4
8676 2
2810 7
490 4
3969 8
5344 4
5648 1
2249 9
1754 9
4665 5
5138 7
2619 1
8311 5
4929 5
4000 7
2916 2
915 8
9237 7
9205 4
6750 9
2129 2
2751 8
7517 2
4955 2
3978 9
6096 2
3910 1
5281 6
4348 8
8532 5
1477 4
6074 6
1355 1
9012 1
2053 5
3790 6
3375 5
7600 9
131 6
1625 5
5035 2
443 6
6284 8
6937 1
7619 9
5977 9
5867 6
8111 1
8236 7
6699 5
9382 3
7681 8
165 1
4074 4
5037 3
250 8
9303 5
166 7
7353 9
5263 8
1803 3
8372 3
5935 1
8231 3
4902 2
7781 2
5416 3
5171 4
8903 1
6762 7
2405 7
1005 6
5725 1
726 8
1331 6
4548 8
9006 9
9040 4
1575 9
896 4
2657 4
6450 6
1921 3
8999 4
6544 4
9854 6
2099 3
2313 1
4236 6
1582 9
8551 7
4443 8
8284 4
7695 1
1186 7
2798 3
7511 1
6870 1
1951 8
1854 8
6242 2
7129 2
611 1
2592 1
4210 3
1681 6
3799 9
8652 4
7957 4
230 9
2330 6
7909 5
677 8
5770 6
2653 8
5440 5
2537 4
7727 4
3710 1
643 7
6813 8
606 8
4624 3
3151 7
8454 7
6976 3
8691 1
9223 6
2821 1
8355 4
4777 1
749 4
189 2
9410 4
2232 8
1309 2
6652 7
7304 1
420 3
654 4
6180 8
491 2
4135 3
998 1
1626 9
1993 8
9271 1
4142 4
9510 3
1753 4
1994 2
6439 4
175 5
107 6
6590 6
2483 8
1806 3
8690 8
390 6
7619 6
7091 9
7730 3
3598 8
5988 7
6490 8
7652 4
8015 9
8397 1
6145 2
2244 1
7998 1
6737 8
1538 2
2463 3
1985 3
5169 9
8958 1
4718 3
4358 8
7133 3
6913 8
5925 4
628 7
5700 7
4952 3
9086 7
2687 8
5935 5
8324 7
6545 2
9303 8
7812 6
991 2
8328 7
697 3
2217 4
954 6
7375 1
4785 1
5812 4
1363 1
4396 8
9332 8
866 1
7258 3
9597 3
1181 2
8645 8
9007 9
9256 7
3440 6
6435 4
2804 2
3376 5
4815 7
3234 8
1958 1
1362 6
7605 6
3861 6
8804 1
9766 5
7387 2
1986 5
3416 9
2010 1
3048 2
5073 1
4601 3
8458 8
8583 3
7380 3
2691 3
2823 5
1192 9
4896 9
2948 7
6712 4
1552 9
5982 1
9181 4
6987 8
7807 7
3361 8
5817 1
9336 7
2232 9
7480 2
4025 9
9443 5
4987 4
3520 9
4142 2
459 4
5784 6
1738 1
8885 9
6563 7
1454 4
9282 4
5701 4
1145 2
3620 9
2593 5
980 5
3434 6
89 9
5731 5
7419 7
4499 1
8390 3
8264 7
2944 7
7866 9
6307 1
4840 4
6605 6
7724 7
2590 8
4236 1
2361 5
4891 1
3512 1
899 2
3882 3
746 3
5989 2
4484 6
4299 8
7696 5
154 9
2787 2
5732 2
3713 9
3382 5
3231 6
8162 4
1880 4
3167 7
9765 2
1685 2
8040 2
1353 9
6610 3
2476 3
7336 4
2673 3
860 8
1222 6
6342 1
9737 6
7069 7
8175 9
8597 4
1868 5
8249 3
3770 1
7472 3
2864 1
7738 1
1405 8
9711 4
232 6
4141 1
1873 7
7312 3
4990 7
9057 3
3174 4
8738 3
2741 6
1914 6
3143 4
8246 2
334 5
4097 4
3642 1
3893 9
4326 3
8778 8
5490 8
5888 6
760 4
7228 3
9078 4
8953 4
8604 6
9550 9
8305 2
6074 5
7253 6
659 9
4048 3
8115 9
1090 4
2118 5
1666 3
163 6
8563 3
7597 1
6174 9
9668 6
223 2
8750 5
5118 2
2992 2
9680 2
7157 2
49 4
1284 9
4532 4
5061 3
4273 6
2862 2
3371 5
1471 2
4340 6
6432 4
4442 3
2488 2
8720 4
2223 2
2824 7
1222 9
8003 3
7128 4
6837 7
7401 2
1986 5
2828 9
5814 1
6551 6
6674 5
7962 8
6340 5
3629 2
8678 8
9229 5
3333 4
3351 6
425 2
8637 8
3716 8
5072 2
8307 1
1529 9
6587 1
1515 2
8979 6
9023 2
8000 6
6131 8
8416 3
2401 7
8111 8
5649 6
6961 9
3632 6
1565 7
9220 4
7732 1
1427 6
3861 4
8887 3
2382 8
7642 3
8748 8
206 5
8062 1
8811 7
7492 1
9751 4
6446 6
9125 8
3676 7
7395 1
1809 9
3705 3
6183 4
9016 8
6955 9
6628 7
6290 4
9055 8
2157 7
9670 1
1229 7
6138 5
2474 4
852 1
9832 3
8661 5
920 1
1303 6
3124 8
6807 9
585 9
9130 3
1377 5
284 9
4986 8
6031 5
9320 5
4767 6
4815 8
210 2
5376 9
8574 4
383 9
4779 2
9419 1
3747 1
9097 8
7183 2
9352 3
6861 7
4701 1
5062 7
4629 8
94 5
9683 2
3662 9
4171 7
2189 5
2719 7
6129 7
4244 8
6597 3
3376 5
4956 5
8100 9
6586 9
5348 1
4726 1
4738 3
8065 5
3730 5
3881 8
7815 8
9280 1
6454 1
7859 9
6099 7
4241 9
1287 6
7400 7
2451 7
2906 4
7543 5
9629 1
4659 1
3841 3
2936 5
6802 4
4980 9
4344 9
9695 3
8463 9
3419 8
3823 8
5504 7
7238 7
3432 6
56 3
655 1
5498 9
5434 5
3797 7
4923 1
4951 9
7103 6
5366 2
5238 7
827 2
3621 8
9882 2
5567 8
4362 6
5176 8
9534 4
1142 8
2307 7
8919 6
5930 6
1168 2
3568 1
3892 8
8683 5
4488 5
5005 4
7035 5
6919 7
5420 4
847 6
1288 2
4189 3
3072 4
6876 2
9190 7
2504 5
5421 7
3542 6
5694 6
7861 7
3600 2
7924 9
6272 6
1701 8
7400 4
749 5
8975 5
9282 3
2918 2
9801 7
7150 7
4825 6
747 4
1171 4
8468 4
4116 5
331 2
8004 8
3443 5
9044 9
8035 1
5542 7
7483 9
220 2
6203 5
4858 8
4168 5
6234 7
1224 1
8871 2
4887 4
3430 2
6702 2
9651 1
9661 5
7782 9
8171 2
3850 5
5682 8
9311 5
8001 7
8090 5
7294 7
8264 9
8907 1
6926 1
4280 8
5696 7
8307 3
4917 3
3548 4
1348 7
1911 5
1009 9
4297 7
7767 4
5303 4
2421 1
5868 5
9476 4
3233 8
3443 9
1909 1
1960 7
4804 5
710 8
1718 3
7777 3
5773 9
366 5
3659 8
1664 7
8988 1
7094 7
9063 9
5490 5
2419 9
366 5
705 4
7776 7
854 5
7743 3
6716 9
9308 2
8822 3
7718 4
3199 8
4462 7
650 3
4871 4
3272 8
5857 8
3368 7
5662 8
615 8
5547 6
1473 1
2501 8
8220 7
7917 5
7212 8
6371 5
4646 8
9556 8
8022 9
6156 5
9430 4
9781 6
1893 1
7709 8
3398 8
9514 6
732 4
1392 1
2781 6
7325 4
8581 7
357 8
1171 7
4395 7
6165 6
981 8
7211 7
3513 9
8585 1
8771 9
2190 5
4974 9
395 5
9274 7
4394 6
1959 9
2958 2
4664 1
5831 4
7430 1
3629 7
9842 2
1489 6
7760 1
2955 1
2090 7
6797 6
3352 7
2894 2
1198 3
7063 2
6503 4
2210 4
6177 1
579 9
756 9
7814 5
2737 5
1270 4
6304 4
8904 9
2710 1
1891 5
2926 9
9109 6
7968 2
1284 6
4153 1
3493 3
6191 3
3884 7
1122 8
151 7
3358 2
6205 8
6043 4
8098 8
9837 3
759 5
366 4
1451 8
149 6
6744 3
952 8
7095 4
1762 6
1425 5
4390 1
3350 3
5298 4
4611 6
8630 9
2288 3
1218 9
3006 8
420 6
2689 3
7580 6
8306 2
7133 7
2097 2
1540 6
2039 6
1232 6
1539 4
8227 2
6966 4
9770 2
9253 8
6095 5
9999 9
3222 3
615 6
2714 1
9773 6
1554 1
4908 6
69 7
6495 3
7161 6
7625 1
6957 5
9349 8
1157 6
2548 5
2571 6
8896 3
7521 8
6276 6
2413 1
53 8
8662 2
539 3
8351 6
4313 3
2000 9
9744 6
6040 8
5175 8
5884 7
5029 8
6911 6
1309 3
1761 2
5925 8
6768 7
4882 5
3491 5
4996 7
2903 1
2260 6
3227 7
1140 4
6845 6
5551 3
7544 3
4518 6
8797 4
1724 6
3406 1
8381 7
6897 2
471 2
6939 8
8737 8
3459 5
9015 8
4273 1
8879 2
8532 5
5940 3
8401 5
7457 8
2921 6
6191 5
5605 4
54 7
8299 2
5069 8
1494 3
7490 8
276 8
1127 9
5620 9
3050 6
8383 2
2960 3
4975 3
9378 4
1297 1
2516 7
3531 9
8489 7
372 7
2323 5
8757 1
4556 6
262 1
135 3
6198 4
4518 3
5285 8
153 2
6263 7
2573 5
3509 1
4716 5
3316 7
8031 4
6246 2
9441 7
1071 8
3363 8
7996 1
3607 6
3195 5
913 2
5525 8
7688 1
9386 6
1259 2
5627 8
